0 0.362815489114475 0.199550011537792 0.650602409638554 0.4 0.402127604856393
0.347826086956522 0.304208480147966 0.602729159406225 0.554216867469879 0.6 0.483766979793748
0.579710144927536 0.252499586391045 0.378442066365541 0.542168674698795 0.6 0.485922687837392
0 0.350027865267998 0.397568346886493 0.566265060240963 0.6 0.441366761866697
0.376811594202899 0.289380683558541 0.795794239811104 0.385542168674699 0.4 0.538112136189477
0.144927536231884 0.332320560235989 0.489621399133243 0.481927710843373 0.4 0.420392060968141
0 0.379257621809668 0.606858634388866 0.843373493975903 0.6 0.598909923107303
0.376811594202899 0.366989374333286 0.423837104578476 0.457831325301205 0.6 0.416527229216064
0.0579710144927536 0.223921907335414 0.199550011537792 0.771084337349397 0.6 0.42192338497548
0.608695652173913 0.24131063581107 0.310729344305494 0.301204819277108 0.8 0.420169188453424
0.63768115942029 0.263386095568262 0.357784109655498 0.216867469879518 0.8 0.423765462127068
0.304347826086957 0.257979620846362 0.199550011537792 0.373493975903614 0.4 0.310716306607413
0.0869565217391304 0.235597400739842 0.178892054827749 0.337349397590361 0.4 0.249936385794608
0.608695652173913 0.289380683558541 0.388182342330121 0.385542168674699 0.6 0.471074225182298
0.536231884057971 0.0664902142239173 0.594266542884429 0.626506024096386 0.6 0.581544032362269
0.492753623188406 0.350027865267998 0.755352456541991 0.590361445783132 0.4 0.611173162721578
0 0.263386095568262 0.489621399133243 0.746987951807228 0.4 0.49020700572188
0.188405797101449 0.159854415118102 0.335327632215176 0.385542168674699 0.6 0.291152256863577
0.144927536231884 0.24131063581107 0.606858634388866 0.469879518072289 0.4 0.423584306363909
0.608695652173913 0.683805649666595 0.218676292058745 0.36144578313253 0.6 0.530774529248863
0.72463768115942 0.668386491468667 0.674886288373719 0.325301204819277 0.4 0.69104388916756
0 0.24694396287307 0.571810065444108 0.506024096385542 0.4 0.41945213061573
0.710144927536232 0.445922918113803 0.268785373296658 0.216867469879518 0.6 0.470277674868283
0.130434782608696 0.205748464492531 0.469500563700011 0.518072289156626 0.6 0.374355675289947
0.0434782608695652 0.24694396287307 0.50221349063768 0.578313253012048 0.2 0.421213768216879
0.36231884057971 0.294384180438725 0.469500563700011 0.686746987951807 0.4 0.506099405785774
0.536231884057971 0.0919371796700158 0.74834514790562 0 0.6 0.425608824702918
0.463768115942029 0.279183270048465 0.834167392715816 0.433734939759036 0.4 0.59197210504703
0.333333333333333 0.354335674451201 0.40662494912584 0.385542168674699 0.6 0.380128810358332
0.27536231884058 0.284314247961268 0.378442066365541 0.590361445783132 0.6 0.418636043270598
0.681159420289855 0.21189784072083 0.357784109655498 0.313253012048193 0.8 0.461821663460816
0.594202898550725 0.229801958030977 0.483087210116727 0.481927710843373 0.8 0.524929696836529
0.478260869565217 0.26872095924558 0.531242559993235 0.457831325301205 0.6 0.489646931190815
0.579710144927536 0.284314247961268 0.55733412119329 0.662650602409638 0.4 0.60167363757819
0.594202898550725 0.391163207376421 0.131837289477746 0.289156626506024 0.8 0.424578410680877
1 0.358597897496706 0.455158725287676 0.253012048192771 0.6 0.621168658530535
0.333333333333333 0.252499586391045 0.770998863934338 0.44578313253012 0.4 0.521255057647703
0.768115942028986 0.235597400739842 0.253138965904312 0.313253012048193 1 0.460680821616172
0.739130434782609 0.39505479628987 0.346800040052986 0.469879518072289 0.6 0.54023837394516
0.869565217391304 0.42490373253718 0.698911686635616 0.373493975903614 0.4 0.645868347598821
0.173913043478261 0.304208480147966 0.757646575472753 0.337349397590361 0.4 0.483228492053918
0.521739130434783 0.24131063581107 0.731214626703342 0.554216867469879 0.4 0.607669216700553
0.347826086956522 0.284314247961268 0.687178453429114 0.542168674698795 0.6 0.513682156960905
0.579710144927536 0.21189784072083 0.855347264023043 0.433734939759036 0.6 0.6218429916031
0.0869565217391304 0.19316068005437 0.514219687042925 0.590361445783132 0.6 0.404886528400472
0.652173913043478 0.24131063581107 0.489621399133243 0.602409638554217 0.4 0.572771241834055
0 0.371120449718481 0.622745906642703 0.373493975903614 0.4 0.467451998395039
0.869565217391304 0 0.297491228232569 0.493975903614457 0.6 0.55243177025555
0.376811594202899 0.38326537944551 0.641321308234433 0.313253012048193 0.4 0.478820053535551
0 0.229801958030977 0.297491228232569 0.506024096385542 0.6 0.347787402439208
0.391304347826087 0.304208480147966 0.701763502175471 0.44578313253012 0.6 0.519852365007241
0 0.637781167545171 0.520019631807867 0.506024096385542 0.6 0.558863413193608
0.434782608695652 0.223921907335414 0.750702120271857 0.493975903614457 0.4 0.566297814726389
0.405797101449275 0.904040024369313 0.576460401714242 0.265060240963855 0.4 0.62774825558693
0.782608695652174 0.358597897496706 0.49599423354597 0.156626506024096 0.8 0.546006877365789
0.927536231884058 0.166739648065337 0.55733412119329 0.542168674698795 0.6 0.691869652380564
0.0869565217391304 0.289380683558541 0.439972775966363 0.951807228915663 0.4 0.570122325378811
0.072463768115942 0.257979620846362 0.297491228232569 0.542168674698795 0.6 0.373702857735424
0.666666666666667 0.43203270305264 0.310729344305494 0.518072289156626 0.4 0.537620733858538
0.420289855072464 0.279183270048465 0.618864830794111 0.674698795180723 0.6 0.554572884653929
0.463768115942029 0.217954741614272 0.0742469110765627 0.566265060240963 0.8 0.396902159621822
0.579710144927536 0.341271513471171 0.397568346886493 0.216867469879518 0.6 0.44271698010242
0.27536231884058 0.26872095924558 0.514219687042925 0.602409638554217 0.4 0.444899281254206
0.347826086956522 0.895187441221126 0.606858634388866 0.132530120481928 0.4 0.605110116826965
0.434782608695652 0.257979620846362 0.357784109655498 0.421686746987952 1 0.399140723569108
0.710144927536232 0.263386095568262 0.297491228232569 0.301204819277108 0.4 0.455436721257907
0.144927536231884 0.294384180438725 0.690162147704775 0.710843373493976 0.4 0.527497751638342
0 0.323166158925161 0.156435577387428 0.987951807228915 0.8 0.504645559747954
0.420289855072464 0.304208480147966 0.610923075559809 0.325301204819277 0.4 0.452001512400071
0.507246376811594 0.327769366962235 0.483087210116727 0.542168674698795 0.4 0.510143526918483
0 0.294384180438725 0.178892054827749 0.771084337349397 0.4 0.42627031096813
0.0289855072463768 0.279183270048465 0.236482433228932 0.554216867469879 0.6 0.365588243877695
0.869565217391304 0.257979620846362 0.368319722706677 0.590361445783132 0.6 0.601075480307931
0.260869565217391 0.273986084143535 0.536676164483247 0.373493975903614 0.6 0.392797655263533
0.681159420289855 0.445922918113803 0.218676292058745 0.493975903614457 0.6 0.54459811996649
0.391304347826087 0.279183270048465 0.576460401714242 0.506024096385542 0.6 0.48343074578283
0 0.21189784072083 0.236482433228932 0.759036144578313 0.4 0.425014774045639
0.927536231884058 0.350027865267998 0.50221349063768 0.783132530120482 0.4 0.717108274750699
0.72463768115942 0.223921907335414 0.297491228232569 0.253012048192771 0.6 0.441094544004219
0.695652173913043 0.223921907335414 0.236482433228932 0.397590361445783 0.6 0.441747575729808
0.318840579710145 0.309032206295775 0.283537198578935 0.44578313253012 0.6 0.362987207220713
0 0.37520958452789 0.335327632215176 0.542168674698795 0.4 0.421646002736102
0.173913043478261 0.421291364653422 0.750702120271857 0.44578313253012 0.4 0.551422832666879
0.202898550724638 0.199503745307415 0.40662494912584 0.554216867469879 0.6 0.37507879902984
0.652173913043478 0.263386095568262 0.323321435809931 0.626506024096386 0.8 0.505641409780095
0.608695652173913 0.323166158925161 0.476383283060318 0.831325301204819 0.6 0.636516761539979
0.246376811594203 0.37520958452789 0.770998863934338 0.240963855421686 0.4 0.470514898861584
0.260869565217391 0.24131063581107 0.423837104578476 0.759036144578313 0.6 0.481344631400487
0.130434782608696 0.294384180438725 0.378442066365541 0.819277108433735 0.4 0.510206685908989
0.144927536231884 0.123543688099069 0.388182342330121 0.819277108433735 0.4 0.447635523879711
0.579710144927536 0.304208480147966 0.626569482952156 0.493975903614457 0.4 0.560622660473907
0.333333333333333 0.24694396287307 0.335327632215176 0.614457831325301 0.6 0.440834584289746
0.449275362318841 0.318509733431553 0.671719540909056 0.710843373493976 0.6 0.590774461519273
0.347826086956522 0.358597897496706 0.50221349063768 0.819277108433735 0.6 0.561149245895395
0.434782608695652 0.263386095568262 0.335327632215176 0.506024096385542 0.6 0.419073848647129
0.579710144927536 0.223921907335414 0.56707439715787 0.590361445783132 0.6 0.578324078120854
0 0.24694396287307 0.610923075559809 0.650602409638554 0.6 0.469200654640429
0.0869565217391304 0.257979620846362 0.483087210116727 0.554216867469879 0.6 0.413190686775719
0.72463768115942 0.336820901124196 0.531242559993235 0.313253012048193 0.4 0.521159855399689
0.405797101449275 0.273986084143535 0.489621399133243 0.602409638554217 0.6 0.496480026249024
0.608695652173913 0.345673484272382 0.687178453429114 0.409638554216867 0.4 0.552826598091591
0.304347826086957 0.345673484272382 0.693111741870674 0.36144578313253 0.4 0.481035095454961
0.0289855072463768 0.235597400739842 0.536676164483247 0.373493975903614 0.4 0.376255532259215
0.173913043478261 0.336820901124196 0.606858634388866 0.36144578313253 0.4 0.444352508857274
0.36231884057971 0.318509733431553 0.432031020732061 0.566265060240963 0.4 0.453142931486837
0.159420289855072 0.309032206295775 0.622745906642703 0.337349397590361 0.4 0.433901375802855
0.985507246376812 0.940633712540323 0.576460401714242 0.156626506024096 0.4 0.800806929129972
0 0.199503745307415 0.156435577387428 0.674698795180723 0.6 0.362024646747175
0.855072463768116 0.273986084143535 0.236482433228932 0.373493975903614 0.4 0.514126849376974
0.739130434782609 0.668386491468667 0.674886288373719 0.325301204819277 0.4 0.696566547946999
0.347826086956522 0.323166158925161 0.707374303157411 0.710843373493976 0.4 0.553762798005262
0.681159420289855 0.21189784072083 0.357784109655498 0.313253012048193 0.8 0.461821663460816
0 0.398909144546902 0.469500563700011 0.686746987951807 0.6 0.521866586509988
0.608695652173913 0.229801958030977 0.268785373296658 0.385542168674699 0.6 0.42026596695641
0.420289855072464 0.318509733431553 0.218676292058745 0.518072289156626 0.6 0.413692948117716
0.260869565217391 0.235597400739842 0.489621399133243 0.662650602409638 0.4 0.456984722181278
0.0289855072463768 0.21189784072083 0.368319722706677 0.698795180722892 0.6 0.426847863726787
0.130434782608696 0.223921907335414 0.268785373296658 0.409638554216867 0.4 0.303127192269172
0.492753623188406 0.21189784072083 0.585517003953589 0.578313253012048 0.6 0.544189715592586
0.478260869565217 0.257979620846362 0.773158597712178 0.433734939759036 0.4 0.571448884240238
0.144927536231884 0.289380683558541 0.439972775966363 0.831325301204819 0.8 0.524211065646135
0.289855072463768 0.289380683558541 0.770998863934338 0.325301204819277 0.2 0.479866150952586
0.608695652173913 0.229801958030977 0.552322571875593 0.325301204819277 0.6 0.475978187537052
0.753623188405797 0.345673484272382 0.56707439715787 0.16867469879518 0.4 0.542757137116066
0 0.583391750196431 0.178892054827749 0.80722891566265 0.4 0.494384366113655
0.536231884057971 0.299326283169075 0.585517003953589 0.542168674698795 0.6 0.556128907818344
0.304347826086957 0.289380683558541 0.455158725287676 0.530120481927711 0.4 0.418737768956943
0.27536231884058 0.294384180438725 0.745966451985619 0.518072289156626 0.4 0.508524660430874
0.27536231884058 0.354335674451201 0.630337238631921 0.397590361445783 0.6 0.467642751149735
0.347826086956522 0.387233651142474 0.0397842372309957 0.662650602409638 0.2 0.475203815979453
0.478260869565217 0.0664902142239173 0.56225020660002 0.566265060240963 0.6 0.52758815408843
0.36231884057971 0.294384180438725 0.476383283060318 0.650602409638554 0.6 0.493620151862472
0 0.273986084143535 0.514219687042925 0.734939759036144 0.4 0.494808631679363
0.0289855072463768 0.217954741614272 0.346800040052986 0.698795180722892 0.6 0.425411611153312
0.231884057971015 0.313798845586541 0.455158725287676 0.590361445783132 0.8 0.445765951284491
0.391304347826087 0.217954741614272 0.514219687042925 0.385542168674699 0.6 0.435659902817028
0.0579710144927536 0.26872095924558 0.693111741870674 0.771084337349397 0.4 0.539949403537144
0.710144927536232 0.309032206295775 0.651856921285612 0.554216867469879 0.4 0.63199413378192
0.391304347826087 0.299326283169075 0.820213363062182 0.457831325301205 0.4 0.567254640985024
0 0.366989374333286 0.476383283060318 0.578313253012048 0.6 0.468085982467548
0.956521739130435 0.327769366962235 0.49599423354597 0.337349397590361 0.6 0.603122560938482
0 0.294384180438725 0.49599423354597 0.626506024096386 0.4 0.458851428334676
0.27536231884058 0.354335674451201 0.720889782696424 0.325301204819277 0.6 0.481504764430845
0.768115942028986 0.173509157317136 0.131837289477746 0.156626506024096 0.8 0.392817145880706
0.608695652173913 0.309032206295775 0.388182342330121 0.469879518072289 0.6 0.487573025869602
0.376811594202899 0.186716121460938 0.423837104578476 0.602409638554217 0.4 0.471620740895276
0.304347826086957 0.289380683558541 0.81477975857217 0.433734939759036 0.4 0.523182807217283
0.608695652173913 0.235597400739842 0.310729344305494 0.590361445783132 0.8 0.476851269152328
0.579710144927536 0.0919371796700158 0.622745906642703 0.530120481927711 0.4 0.574740747710967
0.289855072463768 0.273986084143535 0.614924499594472 0.783132530120482 0.4 0.538946296704527
0.927536231884058 0.166739648065337 0.236482433228932 0.385542168674699 0.6 0.527844753549325
0.72463768115942 0.284314247961268 0.637711645472538 0.734939759036144 0.4 0.691106002985202
0.347826086956522 0.273986084143535 0.447677428124407 0.602409638554217 0.6 0.46361313332897
0.434782608695652 0.491081110769295 0.594266542884429 0.120481927710843 0.4 0.506141639285602
0.623188405797101 0.5953444468597 0.618864830794111 0.337349397590361 0.6 0.610377184618054
0.710144927536232 0.217954741614272 0.323321435809931 0.44578313253012 0.6 0.493751605125508
0.072463768115942 0.180166768715958 0.541997727868675 0.506024096385542 0 0.379316681064115
0.710144927536232 0.199503745307415 0.388182342330121 0.228915662650602 0.4 0.442240682736106
0.0869565217391304 0.173509157317136 0.283537198578935 0.626506024096386 0.8 0.366817742299252
0.463768115942029 0.217954741614272 0.178892054827749 0.493975903614457 0.8 0.369355403782216
0.753623188405797 0.421291364653422 0.131837289477746 0.506024096385542 0.6 0.563862758242017
0.376811594202899 0.304208480147966 0.651856921285612 0.614457831325301 0.6 0.526304774554567
0.0434782608695652 0.289380683558541 0.199550011537792 0.927710843373494 0.2 0.493915915578008
0.753623188405797 0.289380683558541 0.571810065444108 0.44578313253012 0.4 0.58678595472311
0.0289855072463768 0.459350038764424 0.781621214233974 0.698795180722892 0.4 0.627177503366404
0.449275362318841 0.309032206295775 0.783694210763358 0.506024096385542 0.4 0.587380350787425
0.985507246376812 1 0.630337238631921 0.228915662650602 0.4 0.837983084201844
0.63768115942029 0.284314247961268 0.178892054827749 0.759036144578313 0.4 0.531655263310955
0.347826086956522 0.235597400739842 0.310729344305494 0.27710843373494 0.4 0.310377922130888
0.63768115942029 0.24131063581107 0.297491228232569 0.27710843373494 0.6 0.418341999620247
0.115942028985507 0.217954741614272 0.432031020732061 0.759036144578313 0.2 0.464392804691204
0.304347826086957 0.24131063581107 0.397568346886493 0.469879518072289 0.4 0.384953702428445
0.347826086956522 0.24694396287307 0.439972775966363 0.397590361445783 0.6 0.392296755400342
0.478260869565217 0.26872095924558 0.531242559993235 0.457831325301205 0.6 0.489646931190815
0.579710144927536 0.217954741614272 0.310729344305494 0.602409638554217 0.4 0.472453187170032
0.782608695652174 0.358597897496706 0.49599423354597 0.156626506024096 0.8 0.546006877365789
0.550724637681159 0.186716121460938 0.415374488056681 0.626506024096386 0.6 0.521278226232487
0.144927536231884 0.387233651142474 0.74834514790562 0.228915662650602 0.6 0.456619012966172
0 0.462638026976135 0.439972775966363 0.662650602409638 0.6 0.529088794125993
0.507246376811594 0.273986084143535 0.787790910753211 0.409638554216867 0.4 0.572091318621756
0.246376811594203 0.299326283169075 0.731214626703342 0.602409638554217 0.4 0.520890426094802
0.188405797101449 0.26872095924558 0.489621399133243 0.63855421686747 0.6 0.451185725773983
0.695652173913043 0.350027865267998 0.178892054827749 0.44578313253012 0.8 0.499737052431807
0.101449275362319 0.318509733431553 0.536676164483247 0.27710843373494 0.4 0.38380469374181
0 0.583391750196431 0.156435577387428 0.602409638554217 0.4 0.406658471443883
0.63768115942029 0.332320560235989 0.508286398601365 0.771084337349397 0.6 0.632758552164848
0 0.159854415118102 0.131837289477746 0.349397590361446 0.6 0.220009492425592
0.130434782608696 0.205748464492531 0.520019631807867 0.686746987951807 1 0.448130291752299
0.159420289855072 0.263386095568262 0.541997727868675 0.566265060240963 0.4 0.431188180574833
0.681159420289855 0.273986084143535 0.156435577387428 0.530120481927711 0.6 0.47730465849308
0.434782608695652 0.21189784072083 0.397568346886493 0.530120481927711 0.8 0.45507633683731
0.0289855072463768 0.229801958030977 0.489621399133243 0.590361445783132 0.6 0.416050578862839
0.188405797101449 0.327769366962235 0.218676292058745 0.662650602409638 0.4 0.408370913365203
0.579710144927536 0.284314247961268 0 0.457831325301205 0.6 0.429504395114147
0.072463768115942 0.0576376310757311 0.693111741870674 0.80722891566265 1 0.469153311803398
0.347826086956522 0.273986084143535 0.447677428124407 0.602409638554217 0.6 0.46361313332897
0.0289855072463768 0.21189784072083 0.368319722706677 0.698795180722892 0.6 0.426847863726787
0.347826086956522 0.38326537944551 0.531242559993235 0.44578313253012 0.4 0.451408982021897
0 0.263386095568262 0.199550011537792 0.72289156626506 0.4 0.410979139024214
0.173913043478261 0.580958049020421 0.178892054827749 0.44578313253012 0.4 0.382286933620659
0.550724637681159 0.294384180438725 0.618864830794111 0.313253012048193 0.4 0.474361134001375
0.710144927536232 0.435550422523509 0.755352456541991 0.385542168674699 0.4 0.609045950057132
0.376811594202899 0.257979620846362 0.346800040052986 0.313253012048193 0.4 0.343780548306393
0.289855072463768 0.371120449718481 0.704584149708484 0.373493975903614 0.4 0.498637562112748
0.072463768115942 0.223921907335414 0.50221349063768 0.63855421686747 0.6 0.434248930884296
0.536231884057971 0.685692193252333 0.712865716289249 0.349397590361446 0.6 0.631642872169203
0.753623188405797 0.566038701954594 0.651856921285612 0.349397590361446 0.4 0.653656273890487
0.507246376811594 0.304208480147966 0.476383283060318 0.409638554216867 0.6 0.459383012726269
0.347826086956522 0.235597400739842 0.462429253406684 0.530120481927711 0.4 0.438840090914333
0.0289855072463768 0.0836322190660097 0.594266542884429 0.975903614457831 0.6 0.519656310325719
0.36231884057971 0.294384180438725 0.476383283060318 0.650602409638554 0.6 0.493620151862472
0.826086956521739 0.289380683558541 0.310729344305494 0.469879518072289 0.6 0.537037524329004
0.304347826086957 0.24131063581107 0.397568346886493 0.469879518072289 0.4 0.384953702428445
0.391304347826087 0.138463035164896 0.397568346886493 0.349397590361446 0.4 0.375633227576525
0.463768115942029 0.21189784072083 0.462429253406684 0.626506024096386 0.6 0.525204654421317
0.710144927536232 0.371120449718481 0.50221349063768 0.325301204819277 0.4 0.52495907096792
0.449275362318841 0.350027865267998 0.720889782696424 0.518072289156626 0.6 0.565713241041365
0.144927536231884 0.252499586391045 0.594266542884429 0.481927710843373 0.6 0.42587272996409
0.579710144927536 0.159854415118102 0.131837289477746 0.506024096385542 0.8 0.384934679411587
0.144927536231884 0.294384180438725 0.397568346886493 0.855421686746988 0.4 0.527576284637779
0.768115942028986 0.257979620846362 0.283537198578935 0.373493975903614 0.8 0.485106581214901
0.681159420289855 0.145720462488715 0.357784109655498 0.397590361445783 0.8 0.488495197516573
0.289855072463768 0.159854415118102 0.335327632215176 0.590361445783132 0.4 0.412917052162986
0.434782608695652 0.166739648065337 0.476383283060318 0.481927710843373 0.6 0.460569855203767
0.463768115942029 0.284314247961268 0.64839261852776 0.457831325301205 0.6 0.53156353589061
0.173913043478261 0.252499586391045 0.678014650074891 0.674698795180723 0.6 0.494031875529051
0.391304347826087 0.138463035164896 0.397568346886493 0.349397590361446 0.4 0.375633227576525
0.710144927536232 0.313798845586541 0.750702120271857 0.481927710843373 0.4 0.62725838113294
0 0.217954741614272 0.606858634388866 0.855421686746988 0.4 0.533993792030796
0 0.366989374333286 0.476383283060318 0.578313253012048 0.6 0.468085982467548
0.0434782608695652 0.0485860969137698 0.690162147704775 0.734939759036144 1 0.43076279644502
0.463768115942029 0.309032206295775 0.777424590381342 0.518072289156626 0.4 0.593501683623115
0.304347826086957 0.327769366962235 0.483087210116727 0.530120481927711 0.6 0.434081635114501
0.826086956521739 0.350027865267998 0.55733412119329 0.36144578313253 0.8 0.575335478729587
0.768115942028986 0.173509157317136 0.131837289477746 0.156626506024096 0.8 0.392817145880706
0.101449275362319 0.159854415118102 0.104645143751186 0.590361445783132 0.2 0.300114605106506
0.0144927536231884 0.284314247961268 0.469500563700011 0.614457831325301 0.6 0.444939578290999
0.695652173913043 0.273986084143535 0.594266542884429 0.602409638554217 0.6 0.634432008188973
0.492753623188406 0.186716121460938 0.335327632215176 0.397590361445783 0.6 0.407023880259658
0 0.350027865267998 0.585517003953589 0.734939759036144 0.6 0.540981590546184
0.594202898550725 0.145720462488715 0.455158725287676 0.481927710843373 0.6 0.513176619645514
0.246376811594203 0.252499586391045 0.283537198578935 0.481927710843373 0.6 0.345762110485925
0.202898550724638 0.26872095924558 0.469500563700011 0.566265060240963 0.4 0.419855747838478
0.217391304347826 0.445922918113803 0.310729344305494 0.63855421686747 0.6 0.461071208379612
0.217391304347826 0.26872095924558 0.489621399133243 0.626506024096386 0.4 0.446594599800715
0.565217391304348 0.299326283169075 0.525692094880735 0.650602409638554 0.6 0.580722598900557
0.188405797101449 0.273986084143535 0.50221349063768 0.542168674698795 0.4 0.419093149826482
0.434782608695652 0.304208480147966 0.641321308234433 0.662650602409638 0.4 0.560449233492087
0.202898550724638 0.217954741614272 0.50221349063768 0.36144578313253 0.4 0.353255280294313
0.130434782608696 0.597693003480018 0.297491228232569 0.734939759036144 0.2 0.520632345940169
0.347826086956522 0.323166158925161 0.397568346886493 0.301204819277108 0.4 0.356154799223294
0.695652173913043 0.875703706996712 0.283537198578935 0.493975903614457 0.4 0.677358620444434
0.463768115942029 0.323166158925161 0.531242559993235 0.590361445783132 0.8 0.52469509678527
0.115942028985507 0.145720462488715 0.0397842372309957 0.397590361445783 0.4 0.228867008807312
0.478260869565217 0.327769366962235 0.469500563700011 0.506024096385542 0.6 0.485065504669478
0 0.26872095924558 0.447677428124407 0.746987951807228 0.4 0.48461934018697
0.710144927536232 0.445922918113803 0.268785373296658 0.216867469879518 0.6 0.470277674868283
0.115942028985507 0.43203270305264 0.525692094880735 0.421686746987952 0.6 0.463264683700123
0.710144927536232 0.345673484272382 0.594266542884429 0.506024096385542 0.6 0.600398880534451
0.072463768115942 0.406508923203868 0.310729344305494 0.614457831325301 0.4 0.444478136095836
0.101449275362319 0.235597400739842 0.598532535553593 0.481927710843373 0.4 0.420214998644769
0.710144927536232 0.354335674451201 0.741142261427769 0.228915662650602 0.4 0.568634599621856
0 0.0485860969137698 0.687178453429114 0.80722891566265 0.8 0.457748542869856
0.72463768115942 0.24131063581107 0.253138965904312 0.385542168674699 1 0.457705021186794
0.188405797101449 0.26872095924558 0.310729344305494 0.481927710843373 0.4 0.357864891610143
0.695652173913043 0.217954741614272 0.525692094880735 0.518072289156626 0.6 0.587174208452953
0.115942028985507 0.0576376310757311 0.536676164483247 0.72289156626506 0.6 0.426336895077406
0.63768115942029 0.294384180438725 0.626569482952156 0.566265060240963 0.4 0.604817870907804
0.36231884057971 0.39505479628987 0.839211592635157 0.626506024096386 0.4 0.607825360284397
0.420289855072464 0.362815489114475 0.56225020660002 0.63855421686747 0.6 0.530154536354403
0 0.332320560235989 0.589928849511831 0.831325301204819 0.4 0.570909855651661
0.72463768115942 0.39505479628987 0.199550011537792 0.397590361445783 0.8 0.521123539256786
0.623188405797101 0.26872095924558 0.693111741870674 0.228915662650602 0.6 0.497089554585077
0.0579710144927536 0.531682856439511 0.698911686635616 0.325301204819277 0.4 0.506475436835546
0.449275362318841 0.309032206295775 0.520019631807867 0.590361445783132 0.6 0.516339811196689
0.36231884057971 0.371120449718481 0.253138965904312 0.626506024096386 0.6 0.464645845142806
0.289855072463768 0.0919371796700158 0.610923075559809 0.590361445783132 0.6 0.468705096180448
0.405797101449275 0.379257621809668 0.712865716289249 0.397590361445783 0.4 0.519273350795517
0.463768115942029 0.289380683558541 0.777424590381342 0.397590361445783 0.4 0.554774384259763
0.072463768115942 0.332320560235989 0.432031020732061 0.566265060240963 0.4 0.440216329182052
0.318840579710145 0.257979620846362 0.357784109655498 0.614457831325301 0.6 0.438811872314355
0 0.217954741614272 0.218676292058745 0.614457831325301 0.2 0.369183248802015
0.0289855072463768 0.313798845586541 0.423837104578476 0.578313253012048 0.6 0.435285574442908
0.463768115942029 0.199503745307415 0.236482433228932 0.493975903614457 0.6 0.377339198132566
0.0144927536231884 0.273986084143535 0.297491228232569 0.325301204819277 0.4 0.297959958431648
0.115942028985507 0.217954741614272 0.253138965904312 0.650602409638554 0.4 0.389436474420435
0.434782608695652 0.223921907335414 0.750702120271857 0.493975903614457 0.4 0.566297814726389
0.347826086956522 0.354335674451201 0.741142261427769 0.253012048192771 0.4 0.498928473455307
0.333333333333333 0.421291364653422 0.681105545465428 0.385542168674699 0.4 0.50489231658839
0 0.387233651142474 0.346800040052986 0.674698795180723 0.4 0.479352806599758
0.681159420289855 0.313798845586541 0.439972775966363 0.566265060240963 0.8 0.555626311529803
0.0869565217391304 0.284314247961268 0.49599423354597 0.602409638554217 0.6 0.445329927241835
0.0144927536231884 0.273986084143535 0.684159861353339 0.795180722891566 0.4 0.549717279826943
0.27536231884058 0.592982115635006 0.827284673355509 0.337349397590361 0.4 0.572111194274982
0 0.100074351761203 0.606858634388866 0.951807228915663 0.6 0.519926790788954
0.623188405797101 0.223921907335414 0.156435577387428 0.36144578313253 0.4 0.401925719526152
0.202898550724638 0.279183270048465 0.346800040052986 0.771084337349397 0.4 0.479342440603379
0.0144927536231884 0.257979620846362 0.476383283060318 0.710843373493976 0.4 0.471614817872532
0.318840579710145 0.379257621809668 0.388182342330121 0.373493975903614 0.6 0.380174885672154
0.768115942028986 0.38326537944551 0.131837289477746 0.385542168674699 0.8 0.530345958305578
0.347826086956522 0.41025570668013 0.731214626703342 0.44578313253012 0.4 0.539241469708783
0.463768115942029 0.336820901124196 0.757646575472753 0.518072289156626 0.4 0.585965004913555
0.231884057971015 0.452692427365601 0.0397842372309957 0.397590361445783 0.6 0.347183002571601
0.449275362318841 0.362815489114475 0.541997727868675 0.36144578313253 0.8 0.447351918540367
0.565217391304348 0.284314247961268 0.614924499594472 0.325301204819277 0.4 0.480776323374187
0.246376811594203 0.309032206295775 0.793816554422221 0.409638554216867 0.4 0.512682323937385
0.318840579710145 0.273986084143535 0.432031020732061 0.44578313253012 0.6 0.388496391573935
0.115942028985507 0.24131063581107 0.432031020732061 0.80722891566265 0.6 0.492821630681919
0.376811594202899 0.235597400739842 0.775300408181539 0.578313253012048 0.4 0.566548488310344
0.985507246376812 0.100074351761203 1 0.144578313253012 0.8 0.628664004160407
0.333333333333333 0.345673484272382 0.736226176021039 0.253012048192771 0.4 0.489181330392665
0.579710144927536 0.341271513471171 0.397568346886493 0.216867469879518 0.6 0.44271698010242
0.0579710144927536 0.152849433004175 0.131837289477746 0.63855421686747 0.4 0.32887940332103
0.507246376811594 0.289380683558541 0.661979264944476 0.590361445783132 0.4 0.581837145047516
0.652173913043478 0.44932189456518 0.626569482952156 0.409638554216867 0.6 0.559948381282981
0.579710144927536 0.345673484272382 0.55733412119329 0.397590361445783 0.8 0.497025391918125
0.594202898550725 0.223921907335414 0.357784109655498 0.457831325301205 0.8 0.466686058097392
0.565217391304348 0.402726958147534 0.432031020732061 0 0.4 0.470156023437675
0.347826086956522 0.309032206295775 0.199550011537792 0.578313253012048 0.6 0.418939595827341
0.289855072463768 0.229801958030977 0.236482433228932 0.626506024096386 0.4 0.395141566434405
0.956521739130435 0.924316491094138 0.469500563700011 0.337349397590361 0.4 0.740603346111507
0.753623188405797 0.428483990059444 0.469500563700011 0.433734939759036 0.4 0.562357496272868
0.797101449275362 0.186716121460938 0.218676292058745 0.44578313253012 0.4 0.481794767785531
0.710144927536232 0.332320560235989 0.218676292058745 0.36144578313253 0.4 0.481771892267558
0.420289855072464 0.131072436631665 0.541997727868675 0.614457831325301 0.8 0.517164310067668
0.855072463768116 0.951480241934968 0.520019631807867 0.16867469879518 0.4 0.747431845195642
0.594202898550725 0.345673484272382 0.55733412119329 0.506024096385542 0.6 0.549273388014511
0.36231884057971 0.257979620846362 0.541997727868675 0.819277108433735 0.6 0.570233078039584
0.565217391304348 0.402726958147534 0.432031020732061 0 0.4 0.470156023437675
0.130434782608696 0.0919371796700158 0.723509974545298 0.891566265060241 0.4 0.531987197930612
0.710144927536232 0.358597897496706 0.346800040052986 0.0361445783132528 0.4 0.487475791844298
0.333333333333333 0.26872095924558 0.710134614820984 0.385542168674699 0.6 0.486735103289594
0.0579710144927536 0.44932189456518 0.576460401714242 0.385542168674699 0.6 0.470286319671615
0.420289855072464 0.371120449718481 0.236482433228932 0.566265060240963 0.4 0.454728011743499
0.347826086956522 0.345673484272382 0.514219687042925 0.27710843373494 0.6 0.41030502609403
0.260869565217391 0.26872095924558 0.56707439715787 0.650602409638554 0.4 0.470339959451831
0.0289855072463768 0.309032206295775 0.156435577387428 0.710843373493976 0 0.396392124505222
0.463768115942029 0.186716121460938 0.56707439715787 0.493975903614457 0.8 0.508814186766154
0.536231884057971 0.318509733431553 0.634050780115425 0.325301204819277 0.4 0.482614647025058
0.565217391304348 0.229801958030977 0.346800040052986 0.27710843373494 0.4 0.400000000000103
0.0434782608695652 0.131072436631665 0.253138965904312 0.674698795180723 0.6 0.361180146856253
0.376811594202899 0.725106188162268 0.693111741870674 0.265060240963855 0.4 0.5690063027255
0.36231884057971 0.39505479628987 0.323321435809931 0.457831325301205 0.4 0.404870339426341
0.289855072463768 0.294384180438725 0.762174528109667 0.409638554216867 0.4 0.494312702066865
0 0.0836322190660097 0.50221349063768 0.987951807228915 0.8 0.506939151938211
0.0579710144927536 0.0919371796700158 0.199550011537792 1 0.4 0.458200649532538
0 0.289380683558541 0.397568346886493 0.626506024096386 0.4 0.438188827079278
0.144927536231884 0.263386095568262 0.368319722706677 0.240963855421686 0.6 0.293710466270753
0.144927536231884 0.332320560235989 0.489621399133243 0.481927710843373 0.4 0.420392060968141
0.710144927536232 0.313798845586541 0.531242559993235 0.493975903614457 0.6 0.583357085697969
0.710144927536232 0.263386095568262 0.297491228232569 0.301204819277108 0.4 0.455436721257907
0.333333333333333 0.341271513471171 0.658649068025107 0.313253012048193 0.4 0.458791848529804
0.304347826086957 0.229801958030977 0.104645143751186 0.325301204819277 0.6 0.280209725337929
0.347826086956522 0.279183270048465 0.397568346886493 0.626506024096386 0.6 0.46337362026115
0.173913043478261 0.299326283169075 0.397568346886493 0.578313253012048 0.6 0.424109995877273
0.0579710144927536 0.313798845586541 0.541997727868675 0.554216867469879 0.4 0.448320485515272
0.492753623188406 0.299326283169075 0.455158725287676 0.397590361445783 0.8 0.444677900201285
0.304347826086957 0.229801958030977 0.104645143751186 0.325301204819277 0.6 0.280209725337929
0.217391304347826 0.26872095924558 0.56225020660002 0.518072289156626 0.4 0.427458537375333
0.173913043478261 0.366989374333286 0.388182342330121 0.325301204819277 0.4 0.35710133062737
0.376811594202899 0.304208480147966 0.726103832362175 0.44578313253012 0.4 0.522882481949634
0.115942028985507 0.332320560235989 0.388182342330121 0.493975903614457 0.6 0.404424921197826
0.710144927536232 0.327769366962235 0.432031020732061 0.397590361445783 0.6 0.523169192929311
0.710144927536232 0.354335674451201 0.531242559993235 0.27710843373494 0.8 0.523184512888466
0.449275362318841 0.304208480147966 0.541997727868675 0.554216867469879 0.4 0.506698866988147
0.521739130434783 0.263386095568262 0.536676164483247 0.542168674698795 0.4 0.532332620493828
0.333333333333333 0.21189784072083 0.634050780115425 0.650602409638554 0.4 0.510775411987796
0.985507246376812 0.43203270305264 0.357784109655498 0.204819277108434 0.6 0.610947056612167
0.0434782608695652 0.289380683558541 0.508286398601365 0.662650602409638 0.6 0.472779977752724
0.434782608695652 0.205748464492531 0.268785373296658 0.518072289156626 0.6 0.394991153733136
0.27536231884058 0.263386095568262 0.531242559993235 0.602409638554217 0.6 0.448100008644228
0.0434782608695652 0.263386095568262 0.423837104578476 0.566265060240963 0.6 0.408971017555934
0.0289855072463768 0.459350038764424 0.781621214233974 0.698795180722892 0.4 0.627177503366404
0.0289855072463768 0.217954741614272 0.156435577387428 0.686746987951807 0.4 0.370085023147497
0.304347826086957 0.294384180438725 0.423837104578476 0.843373493975903 0.4 0.532217793393586
0.666666666666667 0.341271513471171 0.49599423354597 0.349397590361446 0.6 0.497861089496052
0.666666666666667 0.100074351761203 0.199550011537792 0.180722891566265 0.6 0.369438276938137
0.304347826086957 0.402726958147534 0.469500563700011 0.337349397590361 0.4 0.399999999999952
0.333333333333333 0.21189784072083 0.178892054827749 0.542168674698795 0.4 0.36058490671117
0.0434782608695652 0.336820901124196 0.310729344305494 0.373493975903614 0.4 0.339552519305021
0.289855072463768 0.263386095568262 0.483087210116727 0.710843373493976 0.4 0.486610821317435
0 0.294384180438725 0.357784109655498 0.590361445783132 0.2 0.419091078039181
0.260869565217391 0.289380683558541 0.455158725287676 0.493975903614457 0.6 0.398514878035493
0.0289855072463768 0.19316068005437 0.606858634388866 0.819277108433735 0.4 0.509536369237991
0.594202898550725 0.279183270048465 0.50221349063768 0.421686746987952 0.8 0.50256739691388
0.507246376811594 0.263386095568262 0.397568346886493 0.421686746987952 0.8 0.443897500585719
0.594202898550725 0.304208480147966 0.598532535553593 0.385542168674699 0.4 0.50593846854205
0.91304347826087 0.252499586391045 0.346800040052986 0.385542168674699 0.6 0.56985921404108
0.840579710144927 0.354335674451201 0.508286398601365 0.481927710843373 0.4 0.62355297602357
0.130434782608696 0.0919371796700158 0.723509974545298 0.891566265060241 0.4 0.531987197930612
0.0579710144927536 0.223921907335414 0.218676292058745 0.602409638554217 0.6 0.365889354510143
0.0289855072463768 0.186716121460938 0.56225020660002 0.554216867469879 0.8 0.398917802253129
0.579710144927536 0.252499586391045 0.323321435809931 0.301204819277108 0.6 0.411491500159806
0.376811594202899 0.421291364653422 0.594266542884429 0.0602409638554215 0.4 0.46803904171442
0.536231884057971 0.341271513471171 0.346800040052986 0.421686746987952 0.4 0.433066173730163
0.347826086956522 0.279183270048465 0.397568346886493 0.626506024096386 0.6 0.46337362026115
0.927536231884058 0.406508923203868 0.236482433228932 0.240963855421686 0.8 0.533718125776794
0.855072463768116 0.273986084143535 0.236482433228932 0.373493975903614 0.4 0.514126849376974
0.0869565217391304 0.279183270048465 0.681105545465428 0.746987951807228 0.4 0.533018014767176
0.463768115942029 0.21189784072083 0.552322571875593 0.590361445783132 0.6 0.528658668129003
