0 0.362815489114475 0.199550011537792 0.650602409638554 0.4 0.424251880825166
0.347826086956522 0.304208480147966 0.602729159406225 0.554216867469879 0.6 0.47522402429409
0.579710144927536 0.252499586391045 0.378442066365541 0.542168674698795 0.6 0.535254703250163
0 0.350027865267998 0.397568346886493 0.566265060240963 0.6 0.391343842901257
0.376811594202899 0.289380683558541 0.795794239811104 0.385542168674699 0.4 0.452531036128602
0.144927536231884 0.332320560235989 0.489621399133243 0.481927710843373 0.4 0.369590701587254
0 0.379257621809668 0.606858634388866 0.843373493975903 0.6 0.58142819126363
0.376811594202899 0.366989374333286 0.423837104578476 0.457831325301205 0.6 0.416919920324472
0.0579710144927536 0.223921907335414 0.199550011537792 0.771084337349397 0.6 0.498179427242066
0.608695652173913 0.24131063581107 0.310729344305494 0.301204819277108 0.8 0.462074057459155
0.63768115942029 0.263386095568262 0.357784109655498 0.216867469879518 0.8 0.464812617504833
0.304347826086957 0.257979620846362 0.199550011537792 0.373493975903614 0.4 0.322672848362732
0.0869565217391304 0.235597400739842 0.178892054827749 0.337349397590361 0.4 0.234542683823614
0.608695652173913 0.289380683558541 0.388182342330121 0.385542168674699 0.6 0.494469196788936
0.536231884057971 0.0664902142239173 0.594266542884429 0.626506024096386 0.6 0.574118884430042
0.492753623188406 0.350027865267998 0.755352456541991 0.590361445783132 0.4 0.568451911416218
0 0.263386095568262 0.489621399133243 0.746987951807228 0.4 0.507631922513988
0.188405797101449 0.159854415118102 0.335327632215176 0.385542168674699 0.6 0.300981180310589
0.144927536231884 0.24131063581107 0.606858634388866 0.469879518072289 0.4 0.382845183382396
0.608695652173913 0.683805649666595 0.218676292058745 0.36144578313253 0.6 0.485721416051454
0.72463768115942 0.668386491468667 0.674886288373719 0.325301204819277 0.4 0.587018495029407
0 0.24694396287307 0.571810065444108 0.506024096385542 0.4 0.382704128579445
0.710144927536232 0.445922918113803 0.268785373296658 0.216867469879518 0.6 0.505874580941539
0.130434782608696 0.205748464492531 0.469500563700011 0.518072289156626 0.6 0.380715766374159
0.0434782608695652 0.24694396287307 0.50221349063768 0.578313253012048 0.2 0.411755174006362
0.36231884057971 0.294384180438725 0.469500563700011 0.686746987951807 0.4 0.527851380949623
0.536231884057971 0.0919371796700158 0.74834514790562 0 0.6 0.444117786948492
0.463768115942029 0.279183270048465 0.834167392715816 0.433734939759036 0.4 0.51046902450973
0.333333333333333 0.354335674451201 0.40662494912584 0.385542168674699 0.6 0.365431491357645
0.27536231884058 0.284314247961268 0.378442066365541 0.590361445783132 0.6 0.441155546016732
0.681159420289855 0.21189784072083 0.357784109655498 0.313253012048193 0.8 0.511041994725379
0.594202898550725 0.229801958030977 0.483087210116727 0.481927710843373 0.8 0.529227682256531
0.478260869565217 0.26872095924558 0.531242559993235 0.457831325301205 0.6 0.472221995298653
0.579710144927536 0.284314247961268 0.55733412119329 0.662650602409638 0.4 0.605585864944375
0.594202898550725 0.391163207376421 0.131837289477746 0.289156626506024 0.8 0.442581587669906
1 0.358597897496706 0.455158725287676 0.253012048192771 0.6 0.704002242622567
0.333333333333333 0.252499586391045 0.770998863934338 0.44578313253012 0.4 0.45380132754743
0.768115942028986 0.235597400739842 0.253138965904312 0.313253012048193 1 0.555747434660206
0.739130434782609 0.39505479628987 0.346800040052986 0.469879518072289 0.6 0.591031643746535
0.869565217391304 0.42490373253718 0.698911686635616 0.373493975903614 0.4 0.675185719071153
0.173913043478261 0.304208480147966 0.757646575472753 0.337349397590361 0.4 0.366572898253803
0.521739130434783 0.24131063581107 0.731214626703342 0.554216867469879 0.4 0.559363544097998
0.347826086956522 0.284314247961268 0.687178453429114 0.542168674698795 0.6 0.483597059287739
0.579710144927536 0.21189784072083 0.855347264023043 0.433734939759036 0.6 0.563281981293865
0.0869565217391304 0.19316068005437 0.514219687042925 0.590361445783132 0.6 0.422542654166858
0.652173913043478 0.24131063581107 0.489621399133243 0.602409638554217 0.4 0.604642831092558
0 0.371120449718481 0.622745906642703 0.373493975903614 0.4 0.330713939114892
0.869565217391304 0 0.297491228232569 0.493975903614457 0.6 0.665009305749913
0.376811594202899 0.38326537944551 0.641321308234433 0.313253012048193 0.4 0.397916101908028
0 0.229801958030977 0.297491228232569 0.506024096385542 0.6 0.340853112606497
0.391304347826087 0.304208480147966 0.701763502175471 0.44578313253012 0.6 0.460913106054011
0 0.637781167545171 0.520019631807867 0.506024096385542 0.6 0.387087763952765
0.434782608695652 0.223921907335414 0.750702120271857 0.493975903614457 0.4 0.504177726022632
0.405797101449275 0.904040024369313 0.576460401714242 0.265060240963855 0.4 0.409215089094777
0.782608695652174 0.358597897496706 0.49599423354597 0.156626506024096 0.8 0.560484288098515
0.927536231884058 0.166739648065337 0.55733412119329 0.542168674698795 0.6 0.732830998624909
0.0869565217391304 0.289380683558541 0.439972775966363 0.951807228915663 0.4 0.629433235222327
0.072463768115942 0.257979620846362 0.297491228232569 0.542168674698795 0.6 0.366348087053666
0.666666666666667 0.43203270305264 0.310729344305494 0.518072289156626 0.4 0.567180023167948
0.420289855072464 0.279183270048465 0.618864830794111 0.674698795180723 0.6 0.558714811886083
0.463768115942029 0.217954741614272 0.0742469110765627 0.566265060240963 0.8 0.475652736762915
0.579710144927536 0.341271513471171 0.397568346886493 0.216867469879518 0.6 0.436152846329365
0.27536231884058 0.26872095924558 0.514219687042925 0.602409638554217 0.4 0.464140321599288
0.347826086956522 0.895187441221126 0.606858634388866 0.132530120481928 0.4 0.361948648984967
0.434782608695652 0.257979620846362 0.357784109655498 0.421686746987952 1 0.416054566413376
0.710144927536232 0.263386095568262 0.297491228232569 0.301204819277108 0.4 0.521224738452849
0.144927536231884 0.294384180438725 0.690162147704775 0.710843373493976 0.4 0.525324026349112
0 0.323166158925161 0.156435577387428 0.987951807228915 0.8 0.63286010499015
0.420289855072464 0.304208480147966 0.610923075559809 0.325301204819277 0.4 0.41260350865591
0.507246376811594 0.327769366962235 0.483087210116727 0.542168674698795 0.4 0.514334318751851
0 0.294384180438725 0.178892054827749 0.771084337349397 0.4 0.496818700319674
0.0289855072463768 0.279183270048465 0.236482433228932 0.554216867469879 0.6 0.365854834345275
0.869565217391304 0.257979620846362 0.368319722706677 0.590361445783132 0.6 0.701722116540923
0.260869565217391 0.273986084143535 0.536676164483247 0.373493975903614 0.6 0.353311177828224
0.681159420289855 0.445922918113803 0.218676292058745 0.493975903614457 0.6 0.560950324883386
0.391304347826087 0.279183270048465 0.576460401714242 0.506024096385542 0.6 0.463666274014488
0 0.21189784072083 0.236482433228932 0.759036144578313 0.4 0.491047203132868
0.927536231884058 0.350027865267998 0.50221349063768 0.783132530120482 0.4 0.81336164428303
0.72463768115942 0.223921907335414 0.297491228232569 0.253012048192771 0.6 0.519082995369418
0.695652173913043 0.223921907335414 0.236482433228932 0.397590361445783 0.6 0.534074255061463
0.318840579710145 0.309032206295775 0.283537198578935 0.44578313253012 0.6 0.371485171833216
0 0.37520958452789 0.335327632215176 0.542168674698795 0.4 0.370365341504595
0.173913043478261 0.421291364653422 0.750702120271857 0.44578313253012 0.4 0.412233189220438
0.202898550724638 0.199503745307415 0.40662494912584 0.554216867469879 0.6 0.405225352526911
0.652173913043478 0.263386095568262 0.323321435809931 0.626506024096386 0.8 0.600721100282057
0.608695652173913 0.323166158925161 0.476383283060318 0.831325301204819 0.6 0.688367486303581
0.246376811594203 0.37520958452789 0.770998863934338 0.240963855421686 0.4 0.359566876256971
0.260869565217391 0.24131063581107 0.423837104578476 0.759036144578313 0.6 0.535761595219343
0.130434782608696 0.294384180438725 0.378442066365541 0.819277108433735 0.4 0.547062029000634
0.144927536231884 0.123543688099069 0.388182342330121 0.819277108433735 0.4 0.547544522283258
0.579710144927536 0.304208480147966 0.626569482952156 0.493975903614457 0.4 0.54645042905211
0.333333333333333 0.24694396287307 0.335327632215176 0.614457831325301 0.6 0.466245215216626
0.449275362318841 0.318509733431553 0.671719540909056 0.710843373493976 0.6 0.593952898924589
0.347826086956522 0.358597897496706 0.50221349063768 0.819277108433735 0.6 0.59999999999984
0.434782608695652 0.263386095568262 0.335327632215176 0.506024096385542 0.6 0.450367347703037
0.579710144927536 0.223921907335414 0.56707439715787 0.590361445783132 0.6 0.574972913629015
0 0.24694396287307 0.610923075559809 0.650602409638554 0.6 0.468866558562616
0.0869565217391304 0.257979620846362 0.483087210116727 0.554216867469879 0.6 0.39850802104156
0.72463768115942 0.336820901124196 0.531242559993235 0.313253012048193 0.4 0.556368342449905
0.405797101449275 0.273986084143535 0.489621399133243 0.602409638554217 0.6 0.501472708591262
0.608695652173913 0.345673484272382 0.687178453429114 0.409638554216867 0.4 0.542051298382761
0.304347826086957 0.345673484272382 0.693111741870674 0.36144578313253 0.4 0.397035503055347
0.0289855072463768 0.235597400739842 0.536676164483247 0.373493975903614 0.4 0.307696430488234
0.173913043478261 0.336820901124196 0.606858634388866 0.36144578313253 0.4 0.340438868115105
0.36231884057971 0.318509733431553 0.432031020732061 0.566265060240963 0.4 0.462429920623047
0.159420289855072 0.309032206295775 0.622745906642703 0.337349397590361 0.4 0.329981932846164
0.985507246376812 0.940633712540323 0.576460401714242 0.156626506024096 0.4 0.711147490317944
0 0.199503745307415 0.156435577387428 0.674698795180723 0.6 0.433784145803234
0.855072463768116 0.273986084143535 0.236482433228932 0.373493975903614 0.4 0.622257451732863
0.739130434782609 0.668386491468667 0.674886288373719 0.325301204819277 0.4 0.594911692031814
0.347826086956522 0.323166158925161 0.707374303157411 0.710843373493976 0.4 0.568772169248499
0.681159420289855 0.21189784072083 0.357784109655498 0.313253012048193 0.8 0.511041994725379
0 0.398909144546902 0.469500563700011 0.686746987951807 0.6 0.472330967485398
0.608695652173913 0.229801958030977 0.268785373296658 0.385542168674699 0.6 0.483406385031455
0.420289855072464 0.318509733431553 0.218676292058745 0.518072289156626 0.6 0.441813766964886
0.260869565217391 0.235597400739842 0.489621399133243 0.662650602409638 0.4 0.489055024824968
0.0289855072463768 0.21189784072083 0.368319722706677 0.698795180722892 0.6 0.464828052785314
0.130434782608696 0.223921907335414 0.268785373296658 0.409638554216867 0.4 0.293060607993276
0.492753623188406 0.21189784072083 0.585517003953589 0.578313253012048 0.6 0.535175517207171
0.478260869565217 0.257979620846362 0.773158597712178 0.433734939759036 0.4 0.503871562781097
0.144927536231884 0.289380683558541 0.439972775966363 0.831325301204819 0.8 0.561532225055182
0.289855072463768 0.289380683558541 0.770998863934338 0.325301204819277 0.2 0.396359141527421
0.608695652173913 0.229801958030977 0.552322571875593 0.325301204819277 0.6 0.495687715466978
0.753623188405797 0.345673484272382 0.56707439715787 0.16867469879518 0.4 0.552615742813415
0 0.583391750196431 0.178892054827749 0.80722891566265 0.4 0.526851772286682
0.536231884057971 0.299326283169075 0.585517003953589 0.542168674698795 0.6 0.539522892083806
0.304347826086957 0.289380683558541 0.455158725287676 0.530120481927711 0.4 0.427650670980497
0.27536231884058 0.294384180438725 0.745966451985619 0.518072289156626 0.4 0.463114640085603
0.27536231884058 0.354335674451201 0.630337238631921 0.397590361445783 0.6 0.388652003155248
0.347826086956522 0.387233651142474 0.0397842372309957 0.662650602409638 0.2 0.485103257873742
0.478260869565217 0.0664902142239173 0.56225020660002 0.566265060240963 0.6 0.519674666335484
0.36231884057971 0.294384180438725 0.476383283060318 0.650602409638554 0.6 0.509825129787229
0 0.273986084143535 0.514219687042925 0.734939759036144 0.4 0.503746896607575
0.0289855072463768 0.217954741614272 0.346800040052986 0.698795180722892 0.6 0.462823903047311
0.231884057971015 0.313798845586541 0.455158725287676 0.590361445783132 0.8 0.439896754860074
0.391304347826087 0.217954741614272 0.514219687042925 0.385542168674699 0.6 0.40264505841685
0.0579710144927536 0.26872095924558 0.693111741870674 0.771084337349397 0.4 0.551671936753089
0.710144927536232 0.309032206295775 0.651856921285612 0.554216867469879 0.4 0.634241750694619
0.391304347826087 0.299326283169075 0.820213363062182 0.457831325301205 0.4 0.489340507933838
0 0.366989374333286 0.476383283060318 0.578313253012048 0.6 0.409590775445736
0.956521739130435 0.327769366962235 0.49599423354597 0.337349397590361 0.6 0.694673417623262
0 0.294384180438725 0.49599423354597 0.626506024096386 0.4 0.438363476012928
0.27536231884058 0.354335674451201 0.720889782696424 0.325301204819277 0.6 0.381250750504317
0.768115942028986 0.173509157317136 0.131837289477746 0.156626506024096 0.8 0.52199136360303
0.608695652173913 0.309032206295775 0.388182342330121 0.469879518072289 0.6 0.523448364369638
0.376811594202899 0.186716121460938 0.423837104578476 0.602409638554217 0.4 0.482400744771841
0.304347826086957 0.289380683558541 0.81477975857217 0.433734939759036 0.4 0.450419238373462
0.608695652173913 0.235597400739842 0.310729344305494 0.590361445783132 0.8 0.563528995830623
0.579710144927536 0.0919371796700158 0.622745906642703 0.530120481927711 0.4 0.557140687583465
0.289855072463768 0.273986084143535 0.614924499594472 0.783132530120482 0.4 0.578430115346391
0.927536231884058 0.166739648065337 0.236482433228932 0.385542168674699 0.6 0.668034522534618
0.72463768115942 0.284314247961268 0.637711645472538 0.734939759036144 0.4 0.709064981357952
0.347826086956522 0.273986084143535 0.447677428124407 0.602409638554217 0.6 0.476771276874049
0.434782608695652 0.491081110769295 0.594266542884429 0.120481927710843 0.4 0.375224191635378
0.623188405797101 0.5953444468597 0.618864830794111 0.337349397590361 0.6 0.525122525524782
0.710144927536232 0.217954741614272 0.323321435809931 0.44578313253012 0.6 0.562721291585773
0.072463768115942 0.180166768715958 0.541997727868675 0.506024096385542 0 0.379109317933929
0.710144927536232 0.199503745307415 0.388182342330121 0.228915662650602 0.4 0.512961871656198
0.0869565217391304 0.173509157317136 0.283537198578935 0.626506024096386 0.8 0.415827401398496
0.463768115942029 0.217954741614272 0.178892054827749 0.493975903614457 0.8 0.445671024067275
0.753623188405797 0.421291364653422 0.131837289477746 0.506024096385542 0.6 0.600643283953174
0.376811594202899 0.304208480147966 0.651856921285612 0.614457831325301 0.6 0.520840808879245
0.0434782608695652 0.289380683558541 0.199550011537792 0.927710843373494 0.2 0.596685402925157
0.753623188405797 0.289380683558541 0.571810065444108 0.44578313253012 0.4 0.611356491028095
0.0289855072463768 0.459350038764424 0.781621214233974 0.698795180722892 0.4 0.530061526877019
0.449275362318841 0.309032206295775 0.783694210763358 0.506024096385542 0.4 0.521966400256882
0.985507246376812 1 0.630337238631921 0.228915662650602 0.4 0.727100048349673
0.63768115942029 0.284314247961268 0.178892054827749 0.759036144578313 0.4 0.646552809481122
0.347826086956522 0.235597400739842 0.310729344305494 0.27710843373494 0.4 0.313156741875457
0.63768115942029 0.24131063581107 0.297491228232569 0.27710843373494 0.6 0.471971184400443
0.115942028985507 0.217954741614272 0.432031020732061 0.759036144578313 0.2 0.513402709102032
0.304347826086957 0.24131063581107 0.397568346886493 0.469879518072289 0.4 0.389348594096163
0.347826086956522 0.24694396287307 0.439972775966363 0.397590361445783 0.6 0.378534485558689
0.478260869565217 0.26872095924558 0.531242559993235 0.457831325301205 0.6 0.472221995298653
0.579710144927536 0.217954741614272 0.310729344305494 0.602409638554217 0.4 0.554958062315323
0.782608695652174 0.358597897496706 0.49599423354597 0.156626506024096 0.8 0.560484288098515
0.550724637681159 0.186716121460938 0.415374488056681 0.626506024096386 0.6 0.56099592693994
0.144927536231884 0.387233651142474 0.74834514790562 0.228915662650602 0.6 0.324788196706697
0 0.462638026976135 0.439972775966363 0.662650602409638 0.6 0.456340666145897
0.507246376811594 0.273986084143535 0.787790910753211 0.409638554216867 0.4 0.511248358876536
0.246376811594203 0.299326283169075 0.731214626703342 0.602409638554217 0.4 0.493295462259403
0.188405797101449 0.26872095924558 0.489621399133243 0.63855421686747 0.6 0.461193773163928
0.695652173913043 0.350027865267998 0.178892054827749 0.44578313253012 0.8 0.548486336025712
0.101449275362319 0.318509733431553 0.536676164483247 0.27710843373494 0.4 0.273675097623799
0 0.583391750196431 0.156435577387428 0.602409638554217 0.4 0.400000000000003
0.63768115942029 0.332320560235989 0.508286398601365 0.771084337349397 0.6 0.674450648241132
0 0.159854415118102 0.131837289477746 0.349397590361446 0.6 0.228640543830412
0.130434782608696 0.205748464492531 0.520019631807867 0.686746987951807 1 0.483041399316246
0.159420289855072 0.263386095568262 0.541997727868675 0.566265060240963 0.4 0.424033182128027
0.681159420289855 0.273986084143535 0.156435577387428 0.530120481927711 0.6 0.568259938961303
0.434782608695652 0.21189784072083 0.397568346886493 0.530120481927711 0.8 0.466817074639315
0.0289855072463768 0.229801958030977 0.489621399133243 0.590361445783132 0.6 0.415868986867756
0.188405797101449 0.327769366962235 0.218676292058745 0.662650602409638 0.4 0.449737575869456
0.579710144927536 0.284314247961268 0 0.457831325301205 0.6 0.48467684001545
0.072463768115942 0.0576376310757311 0.693111741870674 0.80722891566265 1 0.571074042192567
0.347826086956522 0.273986084143535 0.447677428124407 0.602409638554217 0.6 0.476771276874049
0.0289855072463768 0.21189784072083 0.368319722706677 0.698795180722892 0.6 0.464828052785314
0.347826086956522 0.38326537944551 0.531242559993235 0.44578313253012 0.4 0.416506864436287
0 0.263386095568262 0.199550011537792 0.72289156626506 0.4 0.467125041032836
0.173913043478261 0.580958049020421 0.178892054827749 0.44578313253012 0.4 0.328401587924591
0.550724637681159 0.294384180438725 0.618864830794111 0.313253012048193 0.4 0.473163514886339
0.710144927536232 0.435550422523509 0.755352456541991 0.385542168674699 0.4 0.599529519359902
0.376811594202899 0.257979620846362 0.346800040052986 0.313253012048193 0.4 0.345319745601945
0.289855072463768 0.371120449718481 0.704584149708484 0.373493975903614 0.4 0.399999999999995
0.072463768115942 0.223921907335414 0.50221349063768 0.63855421686747 0.6 0.447550754940693
0.536231884057971 0.685692193252333 0.712865716289249 0.349397590361446 0.6 0.504022332997621
0.753623188405797 0.566038701954594 0.651856921285612 0.349397590361446 0.4 0.60192837683351
0.507246376811594 0.304208480147966 0.476383283060318 0.409638554216867 0.6 0.460786460072377
0.347826086956522 0.235597400739842 0.462429253406684 0.530120481927711 0.4 0.441970565926684
0.0289855072463768 0.0836322190660097 0.594266542884429 0.975903614457831 0.6 0.655562151069441
0.36231884057971 0.294384180438725 0.476383283060318 0.650602409638554 0.6 0.509825129787229
0.826086956521739 0.289380683558541 0.310729344305494 0.469879518072289 0.6 0.635602502812979
0.304347826086957 0.24131063581107 0.397568346886493 0.469879518072289 0.4 0.389348594096163
0.391304347826087 0.138463035164896 0.397568346886493 0.349397590361446 0.4 0.370320421201273
0.463768115942029 0.21189784072083 0.462429253406684 0.626506024096386 0.6 0.530498382525524
0.710144927536232 0.371120449718481 0.50221349063768 0.325301204819277 0.4 0.54814924854155
0.449275362318841 0.350027865267998 0.720889782696424 0.518072289156626 0.6 0.516092932297931
0.144927536231884 0.252499586391045 0.594266542884429 0.481927710843373 0.6 0.386607573882439
0.579710144927536 0.159854415118102 0.131837289477746 0.506024096385542 0.8 0.504168368668652
0.144927536231884 0.294384180438725 0.397568346886493 0.855421686746988 0.4 0.57214668147034
0.768115942028986 0.257979620846362 0.283537198578935 0.373493975903614 0.8 0.572674517304615
0.681159420289855 0.145720462488715 0.357784109655498 0.397590361445783 0.8 0.53353693434656
0.289855072463768 0.159854415118102 0.335327632215176 0.590361445783132 0.4 0.438938187403929
0.434782608695652 0.166739648065337 0.476383283060318 0.481927710843373 0.6 0.454282995526651
0.463768115942029 0.284314247961268 0.64839261852776 0.457831325301205 0.6 0.484413360165879
0.173913043478261 0.252499586391045 0.678014650074891 0.674698795180723 0.6 0.506963581266483
0.391304347826087 0.138463035164896 0.397568346886493 0.349397590361446 0.4 0.370320421201273
0.710144927536232 0.313798845586541 0.750702120271857 0.481927710843373 0.4 0.624145607990972
0 0.217954741614272 0.606858634388866 0.855421686746988 0.4 0.586005193009874
0 0.366989374333286 0.476383283060318 0.578313253012048 0.6 0.409590775445736
0.0434782608695652 0.0485860969137698 0.690162147704775 0.734939759036144 1 0.528273769529973
0.463768115942029 0.309032206295775 0.777424590381342 0.518072289156626 0.4 0.531054968255296
0.304347826086957 0.327769366962235 0.483087210116727 0.530120481927711 0.6 0.432324511667754
0.826086956521739 0.350027865267998 0.55733412119329 0.36144578313253 0.8 0.629059896884181
0.768115942028986 0.173509157317136 0.131837289477746 0.156626506024096 0.8 0.52199136360303
0.101449275362319 0.159854415118102 0.104645143751186 0.590361445783132 0.2 0.384008822115582
0.0144927536231884 0.284314247961268 0.469500563700011 0.614457831325301 0.6 0.427571087037515
0.695652173913043 0.273986084143535 0.594266542884429 0.602409638554217 0.6 0.637306800830287
0.492753623188406 0.186716121460938 0.335327632215176 0.397590361445783 0.6 0.431104532911599
0 0.350027865267998 0.585517003953589 0.734939759036144 0.6 0.514855735254907
0.594202898550725 0.145720462488715 0.455158725287676 0.481927710843373 0.6 0.525188792835722
0.246376811594203 0.252499586391045 0.283537198578935 0.481927710843373 0.6 0.364102180388718
0.202898550724638 0.26872095924558 0.469500563700011 0.566265060240963 0.4 0.421405155658225
0.217391304347826 0.445922918113803 0.310729344305494 0.63855421686747 0.6 0.451313661396937
0.217391304347826 0.26872095924558 0.489621399133243 0.626506024096386 0.4 0.460125726800756
0.565217391304348 0.299326283169075 0.525692094880735 0.650602409638554 0.6 0.590758741862279
0.188405797101449 0.273986084143535 0.50221349063768 0.542168674698795 0.4 0.41035326182336
0.434782608695652 0.304208480147966 0.641321308234433 0.662650602409638 0.4 0.56134735127812
0.202898550724638 0.217954741614272 0.50221349063768 0.36144578313253 0.4 0.322619001562828
0.130434782608696 0.597693003480018 0.297491228232569 0.734939759036144 0.2 0.497646090743121
0.347826086956522 0.323166158925161 0.397568346886493 0.301204819277108 0.4 0.336047533758959
0.695652173913043 0.875703706996712 0.283537198578935 0.493975903614457 0.4 0.587183657867565
0.463768115942029 0.323166158925161 0.531242559993235 0.590361445783132 0.8 0.52352770630643
0.115942028985507 0.145720462488715 0.0397842372309957 0.397590361445783 0.4 0.265722905601171
0.478260869565217 0.327769366962235 0.469500563700011 0.506024096385542 0.6 0.484813364828263
0 0.26872095924558 0.447677428124407 0.746987951807228 0.4 0.502817001123289
0.710144927536232 0.445922918113803 0.268785373296658 0.216867469879518 0.6 0.505874580941539
0.115942028985507 0.43203270305264 0.525692094880735 0.421686746987952 0.6 0.343816824421514
0.710144927536232 0.345673484272382 0.594266542884429 0.506024096385542 0.6 0.610993437437354
0.072463768115942 0.406508923203868 0.310729344305494 0.614457831325301 0.4 0.414722163441831
0.101449275362319 0.235597400739842 0.598532535553593 0.481927710843373 0.4 0.380979094379111
0.710144927536232 0.354335674451201 0.741142261427769 0.228915662650602 0.4 0.562081216065008
0 0.0485860969137698 0.687178453429114 0.80722891566265 0.8 0.568115939173277
0.72463768115942 0.24131063581107 0.253138965904312 0.385542168674699 1 0.548453239128674
0.188405797101449 0.26872095924558 0.310729344305494 0.481927710843373 0.4 0.351821019040003
0.695652173913043 0.217954741614272 0.525692094880735 0.518072289156626 0.6 0.597895842747014
0.115942028985507 0.0576376310757311 0.536676164483247 0.72289156626506 0.6 0.503360799078576
0.63768115942029 0.294384180438725 0.626569482952156 0.566265060240963 0.4 0.600353609594443
0.36231884057971 0.39505479628987 0.839211592635157 0.626506024096386 0.4 0.556521184651898
0.420289855072464 0.362815489114475 0.56225020660002 0.63855421686747 0.6 0.534973620814896
0 0.332320560235989 0.589928849511831 0.831325301204819 0.4 0.571264275967357
0.72463768115942 0.39505479628987 0.199550011537792 0.397590361445783 0.8 0.551839414451646
0.623188405797101 0.26872095924558 0.693111741870674 0.228915662650602 0.6 0.504631192702705
0.0579710144927536 0.531682856439511 0.698911686635616 0.325301204819277 0.4 0.33811940767646
0.449275362318841 0.309032206295775 0.520019631807867 0.590361445783132 0.6 0.516241114191364
0.36231884057971 0.371120449718481 0.253138965904312 0.626506024096386 0.6 0.47804778673495
0.289855072463768 0.0919371796700158 0.610923075559809 0.590361445783132 0.6 0.474333045259837
0.405797101449275 0.379257621809668 0.712865716289249 0.397590361445783 0.4 0.452369846772015
0.463768115942029 0.289380683558541 0.777424590381342 0.397590361445783 0.4 0.486929207732335
0.072463768115942 0.332320560235989 0.432031020732061 0.566265060240963 0.4 0.398363200781721
0.318840579710145 0.257979620846362 0.357784109655498 0.614457831325301 0.6 0.46406624310561
0 0.217954741614272 0.218676292058745 0.614457831325301 0.2 0.399966750129434
0.0289855072463768 0.313798845586541 0.423837104578476 0.578313253012048 0.6 0.401344359076317
0.463768115942029 0.199503745307415 0.236482433228932 0.493975903614457 0.6 0.448777954229542
0.0144927536231884 0.273986084143535 0.297491228232569 0.325301204819277 0.4 0.237196110425411
0.115942028985507 0.217954741614272 0.253138965904312 0.650602409638554 0.4 0.431743870835461
0.434782608695652 0.223921907335414 0.750702120271857 0.493975903614457 0.4 0.504177726022632
0.347826086956522 0.354335674451201 0.741142261427769 0.253012048192771 0.4 0.389940699324374
0.333333333333333 0.421291364653422 0.681105545465428 0.385542168674699 0.4 0.415594512054149
0 0.387233651142474 0.346800040052986 0.674698795180723 0.4 0.451195639911977
0.681159420289855 0.313798845586541 0.439972775966363 0.566265060240963 0.8 0.600778451105143
0.0869565217391304 0.284314247961268 0.49599423354597 0.602409638554217 0.6 0.42819321790488
0.0144927536231884 0.273986084143535 0.684159861353339 0.795180722891566 0.4 0.562792465269025
0.27536231884058 0.592982115635006 0.827284673355509 0.337349397590361 0.4 0.419743796734857
0 0.100074351761203 0.606858634388866 0.951807228915663 0.6 0.642359497616443
0.623188405797101 0.223921907335414 0.156435577387428 0.36144578313253 0.4 0.477665715337847
0.202898550724638 0.279183270048465 0.346800040052986 0.771084337349397 0.4 0.525152605660023
0.0144927536231884 0.257979620846362 0.476383283060318 0.710843373493976 0.4 0.484563711063591
0.318840579710145 0.379257621809668 0.388182342330121 0.373493975903614 0.6 0.352701625707111
0.768115942028986 0.38326537944551 0.131837289477746 0.385542168674699 0.8 0.571097793816457
0.347826086956522 0.41025570668013 0.731214626703342 0.44578313253012 0.4 0.453788111311228
0.463768115942029 0.336820901124196 0.757646575472753 0.518072289156626 0.4 0.527958711480549
0.231884057971015 0.452692427365601 0.0397842372309957 0.397590361445783 0.6 0.306462818199149
0.449275362318841 0.362815489114475 0.541997727868675 0.36144578313253 0.8 0.427236195101433
0.565217391304348 0.284314247961268 0.614924499594472 0.325301204819277 0.4 0.483026437321729
0.246376811594203 0.309032206295775 0.793816554422221 0.409638554216867 0.4 0.420402871284569
0.318840579710145 0.273986084143535 0.432031020732061 0.44578313253012 0.6 0.388282871681837
0.115942028985507 0.24131063581107 0.432031020732061 0.80722891566265 0.6 0.542584538410829
0.376811594202899 0.235597400739842 0.775300408181539 0.578313253012048 0.4 0.52433245610518
0.985507246376812 0.100074351761203 1 0.144578313253012 0.8 0.749535669537737
0.333333333333333 0.345673484272382 0.736226176021039 0.253012048192771 0.4 0.382901623455151
0.579710144927536 0.341271513471171 0.397568346886493 0.216867469879518 0.6 0.436152846329365
0.0579710144927536 0.152849433004175 0.131837289477746 0.63855421686747 0.4 0.4111945555172
0.507246376811594 0.289380683558541 0.661979264944476 0.590361445783132 0.4 0.558270759707761
0.652173913043478 0.44932189456518 0.626569482952156 0.409638554216867 0.6 0.557136116393797
0.579710144927536 0.345673484272382 0.55733412119329 0.397590361445783 0.8 0.50437175980993
0.594202898550725 0.223921907335414 0.357784109655498 0.457831325301205 0.8 0.507527256717782
0.565217391304348 0.402726958147534 0.432031020732061 0 0.4 0.411002752092599
0.347826086956522 0.309032206295775 0.199550011537792 0.578313253012048 0.6 0.442958889828435
0.289855072463768 0.229801958030977 0.236482433228932 0.626506024096386 0.4 0.451820638521914
0.956521739130435 0.924316491094138 0.469500563700011 0.337349397590361 0.4 0.708535424239295
0.753623188405797 0.428483990059444 0.469500563700011 0.433734939759036 0.4 0.599241122749295
0.797101449275362 0.186716121460938 0.218676292058745 0.44578313253012 0.4 0.605612197649713
0.710144927536232 0.332320560235989 0.218676292058745 0.36144578313253 0.4 0.532843905317345
0.420289855072464 0.131072436631665 0.541997727868675 0.614457831325301 0.8 0.517406892107481
0.855072463768116 0.951480241934968 0.520019631807867 0.16867469879518 0.4 0.628144519292703
0.594202898550725 0.345673484272382 0.55733412119329 0.506024096385542 0.6 0.549045649255748
0.36231884057971 0.257979620846362 0.541997727868675 0.819277108433735 0.6 0.606527009914936
0.565217391304348 0.402726958147534 0.432031020732061 0 0.4 0.411002752092599
0.130434782608696 0.0919371796700158 0.723509974545298 0.891566265060241 0.4 0.628291250920514
0.710144927536232 0.358597897496706 0.346800040052986 0.0361445783132528 0.4 0.491278999106947
0.333333333333333 0.26872095924558 0.710134614820984 0.385542168674699 0.6 0.41786318099032
0.0579710144927536 0.44932189456518 0.576460401714242 0.385542168674699 0.6 0.330908552564591
0.420289855072464 0.371120449718481 0.236482433228932 0.566265060240963 0.4 0.467364910855995
0.347826086956522 0.345673484272382 0.514219687042925 0.27710843373494 0.6 0.348068427768808
0.260869565217391 0.26872095924558 0.56707439715787 0.650602409638554 0.4 0.493557061833245
0.0289855072463768 0.309032206295775 0.156435577387428 0.710843373493976 0 0.458756869405042
0.463768115942029 0.186716121460938 0.56707439715787 0.493975903614457 0.8 0.484467664294148
0.536231884057971 0.318509733431553 0.634050780115425 0.325301204819277 0.4 0.472132266069353
0.565217391304348 0.229801958030977 0.346800040052986 0.27710843373494 0.4 0.433889971408461
0.0434782608695652 0.131072436631665 0.253138965904312 0.674698795180723 0.6 0.439660835122462
0.376811594202899 0.725106188162268 0.693111741870674 0.265060240963855 0.4 0.409004366809701
0.36231884057971 0.39505479628987 0.323321435809931 0.457831325301205 0.4 0.400377360123512
0.289855072463768 0.294384180438725 0.762174528109667 0.409638554216867 0.4 0.424879164460591
0 0.0836322190660097 0.50221349063768 0.987951807228915 0.8 0.652868710026635
0.0579710144927536 0.0919371796700158 0.199550011537792 1 0.4 0.640846290981754
0 0.289380683558541 0.397568346886493 0.626506024096386 0.4 0.425437495323518
0.144927536231884 0.263386095568262 0.368319722706677 0.240963855421686 0.6 0.227776437953275
0.144927536231884 0.332320560235989 0.489621399133243 0.481927710843373 0.4 0.369590701587254
0.710144927536232 0.313798845586541 0.531242559993235 0.493975903614457 0.6 0.599061305207468
0.710144927536232 0.263386095568262 0.297491228232569 0.301204819277108 0.4 0.521224738452849
0.333333333333333 0.341271513471171 0.658649068025107 0.313253012048193 0.4 0.38297842078139
0.304347826086957 0.229801958030977 0.104645143751186 0.325301204819277 0.6 0.294043071915517
0.347826086956522 0.279183270048465 0.397568346886493 0.626506024096386 0.6 0.483761577231229
0.173913043478261 0.299326283169075 0.397568346886493 0.578313253012048 0.6 0.413548021209987
0.0579710144927536 0.313798845586541 0.541997727868675 0.554216867469879 0.4 0.406860765056026
0.492753623188406 0.299326283169075 0.455158725287676 0.397590361445783 0.8 0.446590022613818
0.304347826086957 0.229801958030977 0.104645143751186 0.325301204819277 0.6 0.294043071915517
0.217391304347826 0.26872095924558 0.56225020660002 0.518072289156626 0.4 0.41376893926737
0.173913043478261 0.366989374333286 0.388182342330121 0.325301204819277 0.4 0.281268612934985
0.376811594202899 0.304208480147966 0.726103832362175 0.44578313253012 0.4 0.46035046485201
0.115942028985507 0.332320560235989 0.388182342330121 0.493975903614457 0.6 0.356099496575021
0.710144927536232 0.327769366962235 0.432031020732061 0.397590361445783 0.6 0.558926206347742
0.710144927536232 0.354335674451201 0.531242559993235 0.27710843373494 0.8 0.540508484514234
0.449275362318841 0.304208480147966 0.541997727868675 0.554216867469879 0.4 0.502636950436291
0.521739130434783 0.263386095568262 0.536676164483247 0.542168674698795 0.4 0.526141870382268
0.333333333333333 0.21189784072083 0.634050780115425 0.650602409638554 0.4 0.521379885163596
0.985507246376812 0.43203270305264 0.357784109655498 0.204819277108434 0.6 0.682528253489174
0.0434782608695652 0.289380683558541 0.508286398601365 0.662650602409638 0.6 0.461824302616864
0.434782608695652 0.205748464492531 0.268785373296658 0.518072289156626 0.6 0.449367381384519
0.27536231884058 0.263386095568262 0.531242559993235 0.602409638554217 0.6 0.466456301559467
0.0434782608695652 0.263386095568262 0.423837104578476 0.566265060240963 0.6 0.39380908015365
0.0289855072463768 0.459350038764424 0.781621214233974 0.698795180722892 0.4 0.530061526877019
0.0289855072463768 0.217954741614272 0.156435577387428 0.686746987951807 0.4 0.442038106106836
0.304347826086957 0.294384180438725 0.423837104578476 0.843373493975903 0.4 0.594390029501439
0.666666666666667 0.341271513471171 0.49599423354597 0.349397590361446 0.6 0.528471703642488
0.666666666666667 0.100074351761203 0.199550011537792 0.180722891566265 0.6 0.462561863180127
0.304347826086957 0.402726958147534 0.469500563700011 0.337349397590361 0.4 0.345527719586349
0.333333333333333 0.21189784072083 0.178892054827749 0.542168674698795 0.4 0.415922597840244
0.0434782608695652 0.336820901124196 0.310729344305494 0.373493975903614 0.4 0.269783758467871
0.289855072463768 0.263386095568262 0.483087210116727 0.710843373493976 0.4 0.522065749929486
0 0.294384180438725 0.357784109655498 0.590361445783132 0.2 0.399417864503116
0.260869565217391 0.289380683558541 0.455158725287676 0.493975903614457 0.6 0.396391409320596
0.0289855072463768 0.19316068005437 0.606858634388866 0.819277108433735 0.4 0.564811014476631
0.594202898550725 0.279183270048465 0.50221349063768 0.421686746987952 0.8 0.511106965977464
0.507246376811594 0.263386095568262 0.397568346886493 0.421686746987952 0.8 0.454963160793112
0.594202898550725 0.304208480147966 0.598532535553593 0.385542168674699 0.4 0.513070124938776
0.91304347826087 0.252499586391045 0.346800040052986 0.385542168674699 0.6 0.666134223210955
0.840579710144927 0.354335674451201 0.508286398601365 0.481927710843373 0.4 0.663997316726298
0.130434782608696 0.0919371796700158 0.723509974545298 0.891566265060241 0.4 0.628291250920514
0.0579710144927536 0.223921907335414 0.218676292058745 0.602409638554217 0.6 0.394473358343698
0.0289855072463768 0.186716121460938 0.56225020660002 0.554216867469879 0.8 0.40658712066318
0.579710144927536 0.252499586391045 0.323321435809931 0.301204819277108 0.6 0.446695961675779
0.376811594202899 0.421291364653422 0.594266542884429 0.0602409638554215 0.4 0.337301422894997
0.536231884057971 0.341271513471171 0.346800040052986 0.421686746987952 0.4 0.465792401146458
0.347826086956522 0.279183270048465 0.397568346886493 0.626506024096386 0.6 0.483761577231229
0.927536231884058 0.406508923203868 0.236482433228932 0.240963855421686 0.8 0.64331506662039
0.855072463768116 0.273986084143535 0.236482433228932 0.373493975903614 0.4 0.622257451732863
0.0869565217391304 0.279183270048465 0.681105545465428 0.746987951807228 0.4 0.538060756291595
0.463768115942029 0.21189784072083 0.552322571875593 0.590361445783132 0.6 0.524548225335172
