0 0.362815489114475 0.199550011537792 0.650602409638554 0.4 0.3690280700647
0.347826086956522 0.304208480147966 0.602729159406225 0.554216867469879 0.6 0.488598826526168
0.579710144927536 0.252499586391045 0.378442066365541 0.542168674698795 0.6 0.534938819792232
0 0.350027865267998 0.397568346886493 0.566265060240963 0.6 0.348891598039825
0.376811594202899 0.289380683558541 0.795794239811104 0.385542168674699 0.4 0.433271374943571
0.144927536231884 0.332320560235989 0.489621399133243 0.481927710843373 0.4 0.365936200071286
0 0.379257621809668 0.606858634388866 0.843373493975903 0.6 0.521448956085035
0.376811594202899 0.366989374333286 0.423837104578476 0.457831325301205 0.6 0.425510463258333
0.0579710144927536 0.223921907335414 0.199550011537792 0.771084337349397 0.6 0.452911160964315
0.608695652173913 0.24131063581107 0.310729344305494 0.301204819277108 0.8 0.409086546625373
0.63768115942029 0.263386095568262 0.357784109655498 0.216867469879518 0.8 0.380330308950898
0.304347826086957 0.257979620846362 0.199550011537792 0.373493975903614 0.4 0.32797798472241
0.0869565217391304 0.235597400739842 0.178892054827749 0.337349397590361 0.4 0.230854545067066
0.608695652173913 0.289380683558541 0.388182342330121 0.385542168674699 0.6 0.463305971942398
0.536231884057971 0.0664902142239173 0.594266542884429 0.626506024096386 0.6 0.591190869264003
0.492753623188406 0.350027865267998 0.755352456541991 0.590361445783132 0.4 0.576903938855426
0 0.263386095568262 0.489621399133243 0.746987951807228 0.4 0.455930548194005
0.188405797101449 0.159854415118102 0.335327632215176 0.385542168674699 0.6 0.310920456392471
0.144927536231884 0.24131063581107 0.606858634388866 0.469879518072289 0.4 0.374064848848575
0.608695652173913 0.683805649666595 0.218676292058745 0.36144578313253 0.6 0.429580394501728
0.72463768115942 0.668386491468667 0.674886288373719 0.325301204819277 0.4 0.50712887520481
0 0.24694396287307 0.571810065444108 0.506024096385542 0.4 0.338566621242411
0.710144927536232 0.445922918113803 0.268785373296658 0.216867469879518 0.6 0.394464720319563
0.130434782608696 0.205748464492531 0.469500563700011 0.518072289156626 0.6 0.377547477262261
0.0434782608695652 0.24694396287307 0.50221349063768 0.578313253012048 0.2 0.38330307700966
0.36231884057971 0.294384180438725 0.469500563700011 0.686746987951807 0.4 0.547287203421027
0.536231884057971 0.0919371796700158 0.74834514790562 0 0.6 0.278669116653696
0.463768115942029 0.279183270048465 0.834167392715816 0.433734939759036 0.4 0.493700727295407
0.333333333333333 0.354335674451201 0.40662494912584 0.385542168674699 0.6 0.370033514596454
0.27536231884058 0.284314247961268 0.378442066365541 0.590361445783132 0.6 0.454832747005513
0.681159420289855 0.21189784072083 0.357784109655498 0.313253012048193 0.8 0.446430947076373
0.594202898550725 0.229801958030977 0.483087210116727 0.481927710843373 0.8 0.521032113410732
0.478260869565217 0.26872095924558 0.531242559993235 0.457831325301205 0.6 0.474003516402606
0.579710144927536 0.284314247961268 0.55733412119329 0.662650602409638 0.4 0.620838808805295
0.594202898550725 0.391163207376421 0.131837289477746 0.289156626506024 0.8 0.375547143754964
1 0.358597897496706 0.455158725287676 0.253012048192771 0.6 0.537237320066138
0.333333333333333 0.252499586391045 0.770998863934338 0.44578313253012 0.4 0.446999224023425
0.768115942028986 0.235597400739842 0.253138965904312 0.313253012048193 1 0.463658664747849
0.739130434782609 0.39505479628987 0.346800040052986 0.469879518072289 0.6 0.548084943199332
0.869565217391304 0.42490373253718 0.698911686635616 0.373493975903614 0.4 0.585899729821987
0.173913043478261 0.304208480147966 0.757646575472753 0.337349397590361 0.4 0.33263653761084
0.521739130434783 0.24131063581107 0.731214626703342 0.554216867469879 0.4 0.564845889088819
0.347826086956522 0.284314247961268 0.687178453429114 0.542168674698795 0.6 0.492670756022011
0.579710144927536 0.21189784072083 0.855347264023043 0.433734939759036 0.6 0.536554610829571
0.0869565217391304 0.19316068005437 0.514219687042925 0.590361445783132 0.6 0.406252713918612
0.652173913043478 0.24131063581107 0.489621399133243 0.602409638554217 0.4 0.605723653074598
0 0.371120449718481 0.622745906642703 0.373493975903614 0.4 0.274725667828341
0.869565217391304 0 0.297491228232569 0.493975903614457 0.6 0.600000000000091
0.376811594202899 0.38326537944551 0.641321308234433 0.313253012048193 0.4 0.375899224836389
0 0.229801958030977 0.297491228232569 0.506024096385542 0.6 0.3046262616364
0.391304347826087 0.304208480147966 0.701763502175471 0.44578313253012 0.6 0.458549704781207
0 0.637781167545171 0.520019631807867 0.506024096385542 0.6 0.332158800475769
0.434782608695652 0.223921907335414 0.750702120271857 0.493975903614457 0.4 0.505198760471288
0.405797101449275 0.904040024369313 0.576460401714242 0.265060240963855 0.4 0.352426033689886
0.782608695652174 0.358597897496706 0.49599423354597 0.156626506024096 0.8 0.415839018469988
0.927536231884058 0.166739648065337 0.55733412119329 0.542168674698795 0.6 0.677772561096114
0.0869565217391304 0.289380683558541 0.439972775966363 0.951807228915663 0.4 0.588365641121668
0.072463768115942 0.257979620846362 0.297491228232569 0.542168674698795 0.6 0.348902046196416
0.666666666666667 0.43203270305264 0.310729344305494 0.518072289156626 0.4 0.543982756737202
0.420289855072464 0.279183270048465 0.618864830794111 0.674698795180723 0.6 0.579507491719347
0.463768115942029 0.217954741614272 0.0742469110765627 0.566265060240963 0.8 0.469821880289289
0.579710144927536 0.341271513471171 0.397568346886493 0.216867469879518 0.6 0.365135959739028
0.27536231884058 0.26872095924558 0.514219687042925 0.602409638554217 0.4 0.47800860244427
0.347826086956522 0.895187441221126 0.606858634388866 0.132530120481928 0.4 0.265927353201043
0.434782608695652 0.257979620846362 0.357784109655498 0.421686746987952 1 0.418324765681636
0.710144927536232 0.263386095568262 0.297491228232569 0.301204819277108 0.4 0.442652858893706
0.144927536231884 0.294384180438725 0.690162147704775 0.710843373493976 0.4 0.511904453466388
0 0.323166158925161 0.156435577387428 0.987951807228915 0.8 0.542239612846884
0.420289855072464 0.304208480147966 0.610923075559809 0.325301204819277 0.4 0.393602333338878
0.507246376811594 0.327769366962235 0.483087210116727 0.542168674698795 0.4 0.522740275091844
0 0.294384180438725 0.178892054827749 0.771084337349397 0.4 0.430238543695508
0.0289855072463768 0.279183270048465 0.236482433228932 0.554216867469879 0.6 0.332642795871208
0.869565217391304 0.257979620846362 0.368319722706677 0.590361445783132 0.6 0.659776442202588
0.260869565217391 0.273986084143535 0.536676164483247 0.373493975903614 0.6 0.35460172042028
0.681159420289855 0.445922918113803 0.218676292058745 0.493975903614457 0.6 0.524869298273957
0.391304347826087 0.279183270048465 0.576460401714242 0.506024096385542 0.6 0.474929658749335
0 0.21189784072083 0.236482433228932 0.759036144578313 0.4 0.43098732825499
0.927536231884058 0.350027865267998 0.50221349063768 0.783132530120482 0.4 0.798485506571921
0.72463768115942 0.223921907335414 0.297491228232569 0.253012048192771 0.6 0.422175472258686
0.695652173913043 0.223921907335414 0.236482433228932 0.397590361445783 0.6 0.481088433821361
0.318840579710145 0.309032206295775 0.283537198578935 0.44578313253012 0.6 0.381658391873245
0 0.37520958452789 0.335327632215176 0.542168674698795 0.4 0.328437526488189
0.173913043478261 0.421291364653422 0.750702120271857 0.44578313253012 0.4 0.389167087385616
0.202898550724638 0.199503745307415 0.40662494912584 0.554216867469879 0.6 0.414043916478046
0.652173913043478 0.263386095568262 0.323321435809931 0.626506024096386 0.8 0.597901311403625
0.608695652173913 0.323166158925161 0.476383283060318 0.831325301204819 0.6 0.710154393761071
0.246376811594203 0.37520958452789 0.770998863934338 0.240963855421686 0.4 0.308421307870948
0.260869565217391 0.24131063581107 0.423837104578476 0.759036144578313 0.6 0.544693077027806
0.130434782608696 0.294384180438725 0.378442066365541 0.819277108433735 0.4 0.525697175423652
0.144927536231884 0.123543688099069 0.388182342330121 0.819277108433735 0.4 0.531931473322579
0.579710144927536 0.304208480147966 0.626569482952156 0.493975903614457 0.4 0.540132061310486
0.333333333333333 0.24694396287307 0.335327632215176 0.614457831325301 0.6 0.482368344232349
0.449275362318841 0.318509733431553 0.671719540909056 0.710843373493976 0.6 0.615235256754506
0.347826086956522 0.358597897496706 0.50221349063768 0.819277108433735 0.6 0.616448507433022
0.434782608695652 0.263386095568262 0.335327632215176 0.506024096385542 0.6 0.460182795916217
0.579710144927536 0.223921907335414 0.56707439715787 0.590361445783132 0.6 0.583784094323974
0 0.24694396287307 0.610923075559809 0.650602409638554 0.6 0.419925594518578
0.0869565217391304 0.257979620846362 0.483087210116727 0.554216867469879 0.6 0.383270898831849
0.72463768115942 0.336820901124196 0.531242559993235 0.313253012048193 0.4 0.482979778092763
0.405797101449275 0.273986084143535 0.489621399133243 0.602409638554217 0.6 0.520227712566119
0.608695652173913 0.345673484272382 0.687178453429114 0.409638554216867 0.4 0.513052830584782
0.304347826086957 0.345673484272382 0.693111741870674 0.36144578313253 0.4 0.382667740353703
0.0289855072463768 0.235597400739842 0.536676164483247 0.373493975903614 0.4 0.274134952882888
0.173913043478261 0.336820901124196 0.606858634388866 0.36144578313253 0.4 0.326733435677008
0.36231884057971 0.318509733431553 0.432031020732061 0.566265060240963 0.4 0.47888484948727
0.159420289855072 0.309032206295775 0.622745906642703 0.337349397590361 0.4 0.310916650805717
0.985507246376812 0.940633712540323 0.576460401714242 0.156626506024096 0.4 0.496203193419624
0 0.199503745307415 0.156435577387428 0.674698795180723 0.6 0.376446975407189
0.855072463768116 0.273986084143535 0.236482433228932 0.373493975903614 0.4 0.523656056700264
0.739130434782609 0.668386491468667 0.674886288373719 0.325301204819277 0.4 0.512158048175897
0.347826086956522 0.323166158925161 0.707374303157411 0.710843373493976 0.4 0.584442465401063
0.681159420289855 0.21189784072083 0.357784109655498 0.313253012048193 0.8 0.446430947076373
0 0.398909144546902 0.469500563700011 0.686746987951807 0.6 0.421557879143853
0.608695652173913 0.229801958030977 0.268785373296658 0.385542168674699 0.6 0.44853346814333
0.420289855072464 0.318509733431553 0.218676292058745 0.518072289156626 0.6 0.447097464597446
0.260869565217391 0.235597400739842 0.489621399133243 0.662650602409638 0.4 0.501819182362883
0.0289855072463768 0.21189784072083 0.368319722706677 0.698795180722892 0.6 0.425474168993286
0.130434782608696 0.223921907335414 0.268785373296658 0.409638554216867 0.4 0.295324039900513
0.492753623188406 0.21189784072083 0.585517003953589 0.578313253012048 0.6 0.549514245700633
0.478260869565217 0.257979620846362 0.773158597712178 0.433734939759036 0.4 0.491181528953021
0.144927536231884 0.289380683558541 0.439972775966363 0.831325301204819 0.8 0.544715933990748
0.289855072463768 0.289380683558541 0.770998863934338 0.325301204819277 0.2 0.368145306094897
0.608695652173913 0.229801958030977 0.552322571875593 0.325301204819277 0.6 0.451731178788537
0.753623188405797 0.345673484272382 0.56707439715787 0.16867469879518 0.4 0.42095177342358
0 0.583391750196431 0.178892054827749 0.80722891566265 0.4 0.449368463400088
0.536231884057971 0.299326283169075 0.585517003953589 0.542168674698795 0.6 0.545471844909314
0.304347826086957 0.289380683558541 0.455158725287676 0.530120481927711 0.4 0.44249973518908
0.27536231884058 0.294384180438725 0.745966451985619 0.518072289156626 0.4 0.462045212519782
0.27536231884058 0.354335674451201 0.630337238631921 0.397590361445783 0.6 0.38397247886823
0.347826086956522 0.387233651142474 0.0397842372309957 0.662650602409638 0.2 0.476337688562537
0.478260869565217 0.0664902142239173 0.56225020660002 0.566265060240963 0.6 0.535229726148276
0.36231884057971 0.294384180438725 0.476383283060318 0.650602409638554 0.6 0.529008854729691
0 0.273986084143535 0.514219687042925 0.734939759036144 0.4 0.452597354910412
0.0289855072463768 0.217954741614272 0.346800040052986 0.698795180722892 0.6 0.422811625745079
0.231884057971015 0.313798845586541 0.455158725287676 0.590361445783132 0.8 0.449237069841279
0.391304347826087 0.217954741614272 0.514219687042925 0.385542168674699 0.6 0.403462467985484
0.0579710144927536 0.26872095924558 0.693111741870674 0.771084337349397 0.4 0.513977556497135
0.710144927536232 0.309032206295775 0.651856921285612 0.554216867469879 0.4 0.620406529968893
0.391304347826087 0.299326283169075 0.820213363062182 0.457831325301205 0.4 0.479581666623592
0 0.366989374333286 0.476383283060318 0.578313253012048 0.6 0.365019691043356
0.956521739130435 0.327769366962235 0.49599423354597 0.337349397590361 0.6 0.571838692645933
0 0.294384180438725 0.49599423354597 0.626506024096386 0.4 0.392952634190836
0.27536231884058 0.354335674451201 0.720889782696424 0.325301204819277 0.6 0.356916339285262
0.768115942028986 0.173509157317136 0.131837289477746 0.156626506024096 0.8 0.365754180491213
0.608695652173913 0.309032206295775 0.388182342330121 0.469879518072289 0.6 0.507942451253085
0.376811594202899 0.186716121460938 0.423837104578476 0.602409638554217 0.4 0.502030142076655
0.304347826086957 0.289380683558541 0.81477975857217 0.433734939759036 0.4 0.43598107109935
0.608695652173913 0.235597400739842 0.310729344305494 0.590361445783132 0.8 0.562125904262015
0.579710144927536 0.0919371796700158 0.622745906642703 0.530120481927711 0.4 0.558788905391668
0.289855072463768 0.273986084143535 0.614924499594472 0.783132530120482 0.4 0.591147172859831
0.927536231884058 0.166739648065337 0.236482433228932 0.385542168674699 0.6 0.555178561457226
0.72463768115942 0.284314247961268 0.637711645472538 0.734939759036144 0.4 0.719335163730081
0.347826086956522 0.273986084143535 0.447677428124407 0.602409638554217 0.6 0.494921462889041
0.434782608695652 0.491081110769295 0.594266542884429 0.120481927710843 0.4 0.288167782602269
0.623188405797101 0.5953444468597 0.618864830794111 0.337349397590361 0.6 0.471369996071815
0.710144927536232 0.217954741614272 0.323321435809931 0.44578313253012 0.6 0.522368404765071
0.072463768115942 0.180166768715958 0.541997727868675 0.506024096385542 0 0.360023926215151
0.710144927536232 0.199503745307415 0.388182342330121 0.228915662650602 0.4 0.415613864020158
0.0869565217391304 0.173509157317136 0.283537198578935 0.626506024096386 0.8 0.396841222858756
0.463768115942029 0.217954741614272 0.178892054827749 0.493975903614457 0.8 0.444509361035175
0.753623188405797 0.421291364653422 0.131837289477746 0.506024096385542 0.6 0.545647564664403
0.376811594202899 0.304208480147966 0.651856921285612 0.614457831325301 0.6 0.536618751141527
0.0434782608695652 0.289380683558541 0.199550011537792 0.927710843373494 0.2 0.530778306713076
0.753623188405797 0.289380683558541 0.571810065444108 0.44578313253012 0.4 0.5682004162313
0.0289855072463768 0.459350038764424 0.781621214233974 0.698795180722892 0.4 0.476610289978371
0.449275362318841 0.309032206295775 0.783694210763358 0.506024096385542 0.4 0.520686551186977
0.985507246376812 1 0.630337238631921 0.228915662650602 0.4 0.541128995830116
0.63768115942029 0.284314247961268 0.178892054827749 0.759036144578313 0.4 0.645145514521808
0.347826086956522 0.235597400739842 0.310729344305494 0.27710843373494 0.4 0.305808153342754
0.63768115942029 0.24131063581107 0.297491228232569 0.27710843373494 0.6 0.404753714235218
0.115942028985507 0.217954741614272 0.432031020732061 0.759036144578313 0.2 0.49541514740322
0.304347826086957 0.24131063581107 0.397568346886493 0.469879518072289 0.4 0.403491111220438
0.347826086956522 0.24694396287307 0.439972775966363 0.397590361445783 0.6 0.385565319131002
0.478260869565217 0.26872095924558 0.531242559993235 0.457831325301205 0.6 0.474003516402606
0.579710144927536 0.217954741614272 0.310729344305494 0.602409638554217 0.4 0.558444198221368
0.782608695652174 0.358597897496706 0.49599423354597 0.156626506024096 0.8 0.415839018469988
0.550724637681159 0.186716121460938 0.415374488056681 0.626506024096386 0.6 0.574086452237295
0.144927536231884 0.387233651142474 0.74834514790562 0.228915662650602 0.6 0.264037604563356
0 0.462638026976135 0.439972775966363 0.662650602409638 0.6 0.405151245658503
0.507246376811594 0.273986084143535 0.787790910753211 0.409638554216867 0.4 0.4902969919702
0.246376811594203 0.299326283169075 0.731214626703342 0.602409638554217 0.4 0.494798162244274
0.188405797101449 0.26872095924558 0.489621399133243 0.63855421686747 0.6 0.463920037704395
0.695652173913043 0.350027865267998 0.178892054827749 0.44578313253012 0.8 0.499469568966459
0.101449275362319 0.318509733431553 0.536676164483247 0.27710843373494 0.4 0.248267698526109
0 0.583391750196431 0.156435577387428 0.602409638554217 0.4 0.338187135998028
0.63768115942029 0.332320560235989 0.508286398601365 0.771084337349397 0.6 0.692276783574964
0 0.159854415118102 0.131837289477746 0.349397590361446 0.6 0.201234251448033
0.130434782608696 0.205748464492531 0.520019631807867 0.686746987951807 1 0.473070955738453
0.159420289855072 0.263386095568262 0.541997727868675 0.566265060240963 0.4 0.422082163549306
0.681159420289855 0.273986084143535 0.156435577387428 0.530120481927711 0.6 0.536298426229955
0.434782608695652 0.21189784072083 0.397568346886493 0.530120481927711 0.8 0.480636867467855
0.0289855072463768 0.229801958030977 0.489621399133243 0.590361445783132 0.6 0.383092575416331
0.188405797101449 0.327769366962235 0.218676292058745 0.662650602409638 0.4 0.443150375878375
0.579710144927536 0.284314247961268 0 0.457831325301205 0.6 0.443479235101496
0.072463768115942 0.0576376310757311 0.693111741870674 0.80722891566265 1 0.538136649172802
0.347826086956522 0.273986084143535 0.447677428124407 0.602409638554217 0.6 0.494921462889041
0.0289855072463768 0.21189784072083 0.368319722706677 0.698795180722892 0.6 0.425474168993286
0.347826086956522 0.38326537944551 0.531242559993235 0.44578313253012 0.4 0.422364319761296
0 0.263386095568262 0.199550011537792 0.72289156626506 0.4 0.40728790947386
0.173913043478261 0.580958049020421 0.178892054827749 0.44578313253012 0.4 0.318419342007329
0.550724637681159 0.294384180438725 0.618864830794111 0.313253012048193 0.4 0.433470851413327
0.710144927536232 0.435550422523509 0.755352456541991 0.385542168674699 0.4 0.543938655095775
0.376811594202899 0.257979620846362 0.346800040052986 0.313253012048193 0.4 0.33945930020231
0.289855072463768 0.371120449718481 0.704584149708484 0.373493975903614 0.4 0.385434641879011
0.072463768115942 0.223921907335414 0.50221349063768 0.63855421686747 0.6 0.425244622459468
0.536231884057971 0.685692193252333 0.712865716289249 0.349397590361446 0.6 0.459201947303368
0.753623188405797 0.566038701954594 0.651856921285612 0.349397590361446 0.4 0.527091170556199
0.507246376811594 0.304208480147966 0.476383283060318 0.409638554216867 0.6 0.451767786410025
0.347826086956522 0.235597400739842 0.462429253406684 0.530120481927711 0.4 0.458486807123902
0.0289855072463768 0.0836322190660097 0.594266542884429 0.975903614457831 0.6 0.600092372420235
0.36231884057971 0.294384180438725 0.476383283060318 0.650602409638554 0.6 0.529008854729691
0.826086956521739 0.289380683558541 0.310729344305494 0.469879518072289 0.6 0.573797099813052
0.304347826086957 0.24131063581107 0.397568346886493 0.469879518072289 0.4 0.403491111220438
0.391304347826087 0.138463035164896 0.397568346886493 0.349397590361446 0.4 0.369899750031692
0.463768115942029 0.21189784072083 0.462429253406684 0.626506024096386 0.6 0.549733310104812
0.710144927536232 0.371120449718481 0.50221349063768 0.325301204819277 0.4 0.480735595747599
0.449275362318841 0.350027865267998 0.720889782696424 0.518072289156626 0.6 0.519292653362734
0.144927536231884 0.252499586391045 0.594266542884429 0.481927710843373 0.6 0.378883520226333
0.579710144927536 0.159854415118102 0.131837289477746 0.506024096385542 0.8 0.485297489011359
0.144927536231884 0.294384180438725 0.397568346886493 0.855421686746988 0.4 0.552222685387338
0.768115942028986 0.257979620846362 0.283537198578935 0.373493975903614 0.8 0.499302914567781
0.681159420289855 0.145720462488715 0.357784109655498 0.397590361445783 0.8 0.491067426387061
0.289855072463768 0.159854415118102 0.335327632215176 0.590361445783132 0.4 0.454527545516035
0.434782608695652 0.166739648065337 0.476383283060318 0.481927710843373 0.6 0.46488176096375
0.463768115942029 0.284314247961268 0.64839261852776 0.457831325301205 0.6 0.483468846087422
0.173913043478261 0.252499586391045 0.678014650074891 0.674698795180723 0.6 0.501329918981114
0.391304347826087 0.138463035164896 0.397568346886493 0.349397590361446 0.4 0.369899750031692
0.710144927536232 0.313798845586541 0.750702120271857 0.481927710843373 0.4 0.594376407020414
0 0.217954741614272 0.606858634388866 0.855421686746988 0.4 0.527825595986562
0 0.366989374333286 0.476383283060318 0.578313253012048 0.6 0.365019691043356
0.0434782608695652 0.0485860969137698 0.690162147704775 0.734939759036144 1 0.489453522471832
0.463768115942029 0.309032206295775 0.777424590381342 0.518072289156626 0.4 0.531316649301823
0.304347826086957 0.327769366962235 0.483087210116727 0.530120481927711 0.6 0.4459552135951
0.826086956521739 0.350027865267998 0.55733412119329 0.36144578313253 0.8 0.546918751775604
0.768115942028986 0.173509157317136 0.131837289477746 0.156626506024096 0.8 0.365754180491213
0.101449275362319 0.159854415118102 0.104645143751186 0.590361445783132 0.2 0.360606886127467
0.0144927536231884 0.284314247961268 0.469500563700011 0.614457831325301 0.6 0.388327212705779
0.695652173913043 0.273986084143535 0.594266542884429 0.602409638554217 0.6 0.633758492142906
0.492753623188406 0.186716121460938 0.335327632215176 0.397590361445783 0.6 0.422909728686824
0 0.350027865267998 0.585517003953589 0.734939759036144 0.6 0.461418683403524
0.594202898550725 0.145720462488715 0.455158725287676 0.481927710843373 0.6 0.517576635004712
0.246376811594203 0.252499586391045 0.283537198578935 0.481927710843373 0.6 0.375642446722391
0.202898550724638 0.26872095924558 0.469500563700011 0.566265060240963 0.4 0.428199901723803
0.217391304347826 0.445922918113803 0.310729344305494 0.63855421686747 0.6 0.451844793648774
0.217391304347826 0.26872095924558 0.489621399133243 0.626506024096386 0.4 0.467601743745043
0.565217391304348 0.299326283169075 0.525692094880735 0.650602409638554 0.6 0.605518056066985
0.188405797101449 0.273986084143535 0.50221349063768 0.542168674698795 0.4 0.41446488701595
0.434782608695652 0.304208480147966 0.641321308234433 0.662650602409638 0.4 0.580938473865013
0.202898550724638 0.217954741614272 0.50221349063768 0.36144578313253 0.4 0.323844461464135
0.130434782608696 0.597693003480018 0.297491228232569 0.734939759036144 0.2 0.471044976505192
0.347826086956522 0.323166158925161 0.397568346886493 0.301204819277108 0.4 0.329305671512324
0.695652173913043 0.875703706996712 0.283537198578935 0.493975903614457 0.4 0.537923448727613
0.463768115942029 0.323166158925161 0.531242559993235 0.590361445783132 0.8 0.539117382348313
0.115942028985507 0.145720462488715 0.0397842372309957 0.397590361445783 0.4 0.255584843191557
0.478260869565217 0.327769366962235 0.469500563700011 0.506024096385542 0.6 0.491870988666821
0 0.26872095924558 0.447677428124407 0.746987951807228 0.4 0.450740990401274
0.710144927536232 0.445922918113803 0.268785373296658 0.216867469879518 0.6 0.394464720319563
0.115942028985507 0.43203270305264 0.525692094880735 0.421686746987952 0.6 0.32845753583428
0.710144927536232 0.345673484272382 0.594266542884429 0.506024096385542 0.6 0.587774545901778
0.072463768115942 0.406508923203868 0.310729344305494 0.614457831325301 0.4 0.388799784134851
0.101449275362319 0.235597400739842 0.598532535553593 0.481927710843373 0.4 0.364323815322273
0.710144927536232 0.354335674451201 0.741142261427769 0.228915662650602 0.4 0.459284166440713
0 0.0485860969137698 0.687178453429114 0.80722891566265 0.8 0.512256682549513
0.72463768115942 0.24131063581107 0.253138965904312 0.385542168674699 1 0.486830985243748
0.188405797101449 0.26872095924558 0.310729344305494 0.481927710843373 0.4 0.358890128986752
0.695652173913043 0.217954741614272 0.525692094880735 0.518072289156626 0.6 0.580637573889972
0.115942028985507 0.0576376310757311 0.536676164483247 0.72289156626506 0.6 0.489232547853687
0.63768115942029 0.294384180438725 0.626569482952156 0.566265060240963 0.4 0.598508592603994
0.36231884057971 0.39505479628987 0.839211592635157 0.626506024096386 0.4 0.561146853365219
0.420289855072464 0.362815489114475 0.56225020660002 0.63855421686747 0.6 0.553372873673089
0 0.332320560235989 0.589928849511831 0.831325301204819 0.4 0.512977662412663
0.72463768115942 0.39505479628987 0.199550011537792 0.397590361445783 0.8 0.486577280686986
0.623188405797101 0.26872095924558 0.693111741870674 0.228915662650602 0.6 0.423166506800822
0.0579710144927536 0.531682856439511 0.698911686635616 0.325301204819277 0.4 0.27875948383501
0.449275362318841 0.309032206295775 0.520019631807867 0.590361445783132 0.6 0.532699641890152
0.36231884057971 0.371120449718481 0.253138965904312 0.626506024096386 0.6 0.488634458997109
0.289855072463768 0.0919371796700158 0.610923075559809 0.590361445783132 0.6 0.488625854432683
0.405797101449275 0.379257621809668 0.712865716289249 0.397590361445783 0.4 0.439445950169692
0.463768115942029 0.289380683558541 0.777424590381342 0.397590361445783 0.4 0.467550250286555
0.072463768115942 0.332320560235989 0.432031020732061 0.566265060240963 0.4 0.378301390065531
0.318840579710145 0.257979620846362 0.357784109655498 0.614457831325301 0.6 0.480117620337368
0 0.217954741614272 0.218676292058745 0.614457831325301 0.2 0.352264567648138
0.0289855072463768 0.313798845586541 0.423837104578476 0.578313253012048 0.6 0.368576710967513
0.463768115942029 0.199503745307415 0.236482433228932 0.493975903614457 0.6 0.451634785496183
0.0144927536231884 0.273986084143535 0.297491228232569 0.325301204819277 0.4 0.214005836084586
0.115942028985507 0.217954741614272 0.253138965904312 0.650602409638554 0.4 0.415891798291684
0.434782608695652 0.223921907335414 0.750702120271857 0.493975903614457 0.4 0.505198760471288
0.347826086956522 0.354335674451201 0.741142261427769 0.253012048192771 0.4 0.346308121966592
0.333333333333333 0.421291364653422 0.681105545465428 0.385542168674699 0.4 0.403993888004766
0 0.387233651142474 0.346800040052986 0.674698795180723 0.4 0.399999999999852
0.681159420289855 0.313798845586541 0.439972775966363 0.566265060240963 0.8 0.590509256087376
0.0869565217391304 0.284314247961268 0.49599423354597 0.602409638554217 0.6 0.410374392214305
0.0144927536231884 0.273986084143535 0.684159861353339 0.795180722891566 0.4 0.510535737437272
0.27536231884058 0.592982115635006 0.827284673355509 0.337349397590361 0.4 0.376456788445819
0 0.100074351761203 0.606858634388866 0.951807228915663 0.6 0.578838715198776
0.623188405797101 0.223921907335414 0.156435577387428 0.36144578313253 0.4 0.426908775724232
0.202898550724638 0.279183270048465 0.346800040052986 0.771084337349397 0.4 0.521421540807283
0.0144927536231884 0.257979620846362 0.476383283060318 0.710843373493976 0.4 0.440191902931237
0.318840579710145 0.379257621809668 0.388182342330121 0.373493975903614 0.6 0.356345872619132
0.768115942028986 0.38326537944551 0.131837289477746 0.385542168674699 0.8 0.486910338620222
0.347826086956522 0.41025570668013 0.731214626703342 0.44578313253012 0.4 0.447106054322034
0.463768115942029 0.336820901124196 0.757646575472753 0.518072289156626 0.4 0.528869595555481
0.231884057971015 0.452692427365601 0.0397842372309957 0.397590361445783 0.6 0.295818226960253
0.449275362318841 0.362815489114475 0.541997727868675 0.36144578313253 0.8 0.414262744645091
0.565217391304348 0.284314247961268 0.614924499594472 0.325301204819277 0.4 0.444389143052466
0.246376811594203 0.309032206295775 0.793816554422221 0.409638554216867 0.4 0.400517406997035
0.318840579710145 0.273986084143535 0.432031020732061 0.44578313253012 0.6 0.400030931558741
0.115942028985507 0.24131063581107 0.432031020732061 0.80722891566265 0.6 0.520921707009327
0.376811594202899 0.235597400739842 0.775300408181539 0.578313253012048 0.4 0.532761994515561
0.985507246376812 0.100074351761203 1 0.144578313253012 0.8 0.542229394020512
0.333333333333333 0.345673484272382 0.736226176021039 0.253012048192771 0.4 0.340670701642701
0.579710144927536 0.341271513471171 0.397568346886493 0.216867469879518 0.6 0.365135959739028
0.0579710144927536 0.152849433004175 0.131837289477746 0.63855421686747 0.4 0.374390300969023
0.507246376811594 0.289380683558541 0.661979264944476 0.590361445783132 0.4 0.570380424695746
0.652173913043478 0.44932189456518 0.626569482952156 0.409638554216867 0.6 0.520641446855233
0.579710144927536 0.345673484272382 0.55733412119329 0.397590361445783 0.8 0.480552730971706
0.594202898550725 0.223921907335414 0.357784109655498 0.457831325301205 0.8 0.492775588068173
0.565217391304348 0.402726958147534 0.432031020732061 0 0.4 0.24959119571073
0.347826086956522 0.309032206295775 0.199550011537792 0.578313253012048 0.6 0.451468381961626
0.289855072463768 0.229801958030977 0.236482433228932 0.626506024096386 0.4 0.461427748759935
0.956521739130435 0.924316491094138 0.469500563700011 0.337349397590361 0.4 0.568560738091316
0.753623188405797 0.428483990059444 0.469500563700011 0.433734939759036 0.4 0.549165435708313
0.797101449275362 0.186716121460938 0.218676292058745 0.44578313253012 0.4 0.539596122436546
0.710144927536232 0.332320560235989 0.218676292058745 0.36144578313253 0.4 0.464784605299337
0.420289855072464 0.131072436631665 0.541997727868675 0.614457831325301 0.8 0.538113836634979
0.855072463768116 0.951480241934968 0.520019631807867 0.16867469879518 0.4 0.45033408852715
0.594202898550725 0.345673484272382 0.55733412119329 0.506024096385542 0.6 0.542971663056534
0.36231884057971 0.257979620846362 0.541997727868675 0.819277108433735 0.6 0.626400023076587
0.565217391304348 0.402726958147534 0.432031020732061 0 0.4 0.24959119571073
0.130434782608696 0.0919371796700158 0.723509974545298 0.891566265060241 0.4 0.606650870680137
0.710144927536232 0.358597897496706 0.346800040052986 0.0361445783132528 0.4 0.308467560802194
0.333333333333333 0.26872095924558 0.710134614820984 0.385542168674699 0.6 0.40758553728037
0.0579710144927536 0.44932189456518 0.576460401714242 0.385542168674699 0.6 0.295492281399067
0.420289855072464 0.371120449718481 0.236482433228932 0.566265060240963 0.4 0.474807105992083
0.347826086956522 0.345673484272382 0.514219687042925 0.27710843373494 0.6 0.330985189958482
0.260869565217391 0.26872095924558 0.56707439715787 0.650602409638554 0.4 0.505025488467694
0.0289855072463768 0.309032206295775 0.156435577387428 0.710843373493976 0 0.405635241053943
0.463768115942029 0.186716121460938 0.56707439715787 0.493975903614457 0.8 0.492537591343064
0.536231884057971 0.318509733431553 0.634050780115425 0.325301204819277 0.4 0.436697214398311
0.565217391304348 0.229801958030977 0.346800040052986 0.27710843373494 0.4 0.38570862912186
0.0434782608695652 0.131072436631665 0.253138965904312 0.674698795180723 0.6 0.403499213239303
0.376811594202899 0.725106188162268 0.693111741870674 0.265060240963855 0.4 0.356800485996924
0.36231884057971 0.39505479628987 0.323321435809931 0.457831325301205 0.4 0.408044893360511
0.289855072463768 0.294384180438725 0.762174528109667 0.409638554216867 0.4 0.411689986044599
0 0.0836322190660097 0.50221349063768 0.987951807228915 0.8 0.585021314748309
0.0579710144927536 0.0919371796700158 0.199550011537792 1 0.4 0.574067319093324
0 0.289380683558541 0.397568346886493 0.626506024096386 0.4 0.38077479754746
0.144927536231884 0.263386095568262 0.368319722706677 0.240963855421686 0.6 0.223395236503964
0.144927536231884 0.332320560235989 0.489621399133243 0.481927710843373 0.4 0.365936200071286
0.710144927536232 0.313798845586541 0.531242559993235 0.493975903614457 0.6 0.573600203644577
0.710144927536232 0.263386095568262 0.297491228232569 0.301204819277108 0.4 0.442652858893706
0.333333333333333 0.341271513471171 0.658649068025107 0.313253012048193 0.4 0.3629555995195
0.304347826086957 0.229801958030977 0.104645143751186 0.325301204819277 0.6 0.290729229889096
0.347826086956522 0.279183270048465 0.397568346886493 0.626506024096386 0.6 0.501474948853547
0.173913043478261 0.299326283169075 0.397568346886493 0.578313253012048 0.6 0.415618313594396
0.0579710144927536 0.313798845586541 0.541997727868675 0.554216867469879 0.4 0.380501312850171
0.492753623188406 0.299326283169075 0.455158725287676 0.397590361445783 0.8 0.437735944896416
0.304347826086957 0.229801958030977 0.104645143751186 0.325301204819277 0.6 0.290729229889096
0.217391304347826 0.26872095924558 0.56225020660002 0.518072289156626 0.4 0.419198053062603
0.173913043478261 0.366989374333286 0.388182342330121 0.325301204819277 0.4 0.280547583302155
0.376811594202899 0.304208480147966 0.726103832362175 0.44578313253012 0.4 0.4565320623629
0.115942028985507 0.332320560235989 0.388182342330121 0.493975903614457 0.6 0.349703850039181
0.710144927536232 0.327769366962235 0.432031020732061 0.397590361445783 0.6 0.510312042171983
0.710144927536232 0.354335674451201 0.531242559993235 0.27710843373494 0.8 0.458820685417096
0.449275362318841 0.304208480147966 0.541997727868675 0.554216867469879 0.4 0.516288983069519
0.521739130434783 0.263386095568262 0.536676164483247 0.542168674698795 0.4 0.53439979252122
0.333333333333333 0.21189784072083 0.634050780115425 0.650602409638554 0.4 0.538458070144316
0.985507246376812 0.43203270305264 0.357784109655498 0.204819277108434 0.6 0.494653820355459
0.0434782608695652 0.289380683558541 0.508286398601365 0.662650602409638 0.6 0.428690932646658
0.434782608695652 0.205748464492531 0.268785373296658 0.518072289156626 0.6 0.45832643140708
0.27536231884058 0.263386095568262 0.531242559993235 0.602409638554217 0.6 0.48011477362571
0.0434782608695652 0.263386095568262 0.423837104578476 0.566265060240963 0.6 0.367229244037073
0.0289855072463768 0.459350038764424 0.781621214233974 0.698795180722892 0.4 0.476610289978371
0.0289855072463768 0.217954741614272 0.156435577387428 0.686746987951807 0.4 0.392881961250889
0.304347826086957 0.294384180438725 0.423837104578476 0.843373493975903 0.4 0.604417075251755
0.666666666666667 0.341271513471171 0.49599423354597 0.349397590361446 0.6 0.477631873125721
0.666666666666667 0.100074351761203 0.199550011537792 0.180722891566265 0.6 0.351681070575156
0.304347826086957 0.402726958147534 0.469500563700011 0.337349397590361 0.4 0.342247954392403
0.333333333333333 0.21189784072083 0.178892054827749 0.542168674698795 0.4 0.4247533639015
0.0434782608695652 0.336820901124196 0.310729344305494 0.373493975903614 0.4 0.251208640162142
0.289855072463768 0.263386095568262 0.483087210116727 0.710843373493976 0.4 0.536575639146915
0 0.294384180438725 0.357784109655498 0.590361445783132 0.2 0.356722535170401
0.260869565217391 0.289380683558541 0.455158725287676 0.493975903614457 0.6 0.408282296571238
0.0289855072463768 0.19316068005437 0.606858634388866 0.819277108433735 0.4 0.518754022224156
0.594202898550725 0.279183270048465 0.50221349063768 0.421686746987952 0.8 0.491515331191117
0.507246376811594 0.263386095568262 0.397568346886493 0.421686746987952 0.8 0.448392973209548
0.594202898550725 0.304208480147966 0.598532535553593 0.385542168674699 0.4 0.484302577127016
0.91304347826087 0.252499586391045 0.346800040052986 0.385542168674699 0.6 0.563798539541688
0.840579710144927 0.354335674451201 0.508286398601365 0.481927710843373 0.4 0.609645847533539
0.130434782608696 0.0919371796700158 0.723509974545298 0.891566265060241 0.4 0.606650870680137
0.0579710144927536 0.223921907335414 0.218676292058745 0.602409638554217 0.6 0.366004619630959
0.0289855072463768 0.186716121460938 0.56225020660002 0.554216867469879 0.8 0.372948724143053
0.579710144927536 0.252499586391045 0.323321435809931 0.301204819277108 0.6 0.400586169206967
0.376811594202899 0.421291364653422 0.594266542884429 0.0602409638554215 0.4 0.236167891210288
0.536231884057971 0.341271513471171 0.346800040052986 0.421686746987952 0.4 0.452169961998007
0.347826086956522 0.279183270048465 0.397568346886493 0.626506024096386 0.6 0.501474948853547
0.927536231884058 0.406508923203868 0.236482433228932 0.240963855421686 0.8 0.478658882638904
0.855072463768116 0.273986084143535 0.236482433228932 0.373493975903614 0.4 0.523656056700264
0.0869565217391304 0.279183270048465 0.681105545465428 0.746987951807228 0.4 0.50979714454209
0.463768115942029 0.21189784072083 0.552322571875593 0.590361445783132 0.6 0.541725526911256
